# max order O=7 , coefficients in front of the Sn in the Ak, or in fn, fnp, or in m-Term in Ak 
# n in Sn, Snp, fn, or fnp, otherwise 0; k in Ak and m - Terms otherwise 0; summands in the coeffs sorted by order 
# s2_to_i2, s4_to_i2,...sO_to_iO, one double value 
7
 0  0 17 
 0    0  0  0  0  0  0  0    1.500000000000000e+00  
 2    2  0  0  0  0  0  0   -3.000000000000000e-01  
 3    3  0  0  0  0  0  0   -5.714285714285713e-02  
 4    4  0  0  0  0  0  0    6.000000000000000e-02  
 4    0  2  0  0  0  0  0   -1.666666666666667e-01  
 4    2  1  0  0  0  0  0   -1.714285714285715e-01  
 5    5  0  0  0  0  0  0   -1.142857142857143e-02  
 5    1  2  0  0  0  0  0   -8.658008658008660e-02  
 6    6  0  0  0  0  0  0    7.455782312925170e-03  
 6    0  3  0  0  0  0  0   -1.798201798201798e-02  
 6    0  0  2  0  0  0  0   -1.153846153846154e-01  
 6    2  2  0  0  0  0  0    6.666666666666667e-02  
 6    1  1  1  0  0  0  0   -2.097902097902098e-01  
 7    7  0  0  0  0  0  0    2.285714285714286e-03  
 7    5  1  0  0  0  0  0   -3.265306122448980e-03  
 7    1  0  2  0  0  0  0   -5.874125874125873e-02  
 7    0  2  1  0  0  0  0   -4.662004662004662e-02  
 2  0 30 
 1    1  0  0  0  0  0  0    6.000000000000001e-01  
 2    2  0  0  0  0  0  0   -8.571428571428572e-02  
 3    3  0  0  0  0  0  0    2.057142857142857e-01  
 3    1  1  0  0  0  0  0   -1.714285714285715e-01  
 4    4  0  0  0  0  0  0   -6.181818181818183e-02  
 4    0  2  0  0  0  0  0   -4.329004329004329e-02  
 4    2  1  0  0  0  0  0    9.350649350649355e-02  
 5    5  0  0  0  0  0  0    1.039314970743542e-01  
 5    1  2  0  0  0  0  0    1.858141858141858e-01  
 5    3  1  0  0  0  0  0   -1.565634365634366e-01  
 5    2  0  1  0  0  0  0    5.394605394605394e-02  
 5    0  1  1  0  0  0  0   -1.048951048951049e-01  
 6    6  0  0  0  0  0  0   -4.839275010703583e-02  
 6    0  3  0  0  0  0  0    1.998001998001998e-02  
 6    0  0  2  0  0  0  0   -2.937062937062937e-02  
 6    2  2  0  0  0  0  0   -1.423243423243423e-01  
 6    4  1  0  0  0  0  0    1.356814613957471e-01  
 6    3  0  1  0  0  0  0   -4.315684315684316e-02  
 6    1  1  1  0  0  0  0    1.078921078921079e-01  
 7    7  0  0  0  0  0  0    6.648922617998249e-02  
 7    5  1  0  0  0  0  0   -1.740417565627650e-01  
 7    1  3  0  0  0  0  0   -1.103758986111927e-01  
 7    3  2  0  0  0  0  0    2.732047411039008e-01  
 7    1  0  2  0  0  0  0    1.268613739201974e-01  
 7    4  0  1  0  0  0  0    8.948698360463064e-02  
 7    0  2  1  0  0  0  0    5.778535190299897e-02  
 7    3  0  0  1  0  0  0   -1.777046482928836e-02  
 7    2  1  1  0  0  0  0   -1.983310806840219e-01  
 7    0  0  1  1  0  0  0   -7.601809954751132e-02  
 7    1  1  0  1  0  0  0    6.910736322501029e-02  
 4  0 33 
 2    2  0  0  0  0  0  0   -2.571428571428571e-01  
 2    0  1  0  0  0  0  0    3.333333333333333e-01  
 3    3  0  0  0  0  0  0    1.870129870129870e-01  
 3    1  1  0  0  0  0  0   -2.597402597402598e-01  
 4    4  0  0  0  0  0  0   -5.114085914085912e-01  
 4    0  2  0  0  0  0  0   -8.091908091908093e-02  
 4    2  1  0  0  0  0  0    9.148851148851146e-01  
 4    1  0  1  0  0  0  0   -3.146853146853147e-01  
 5    5  0  0  0  0  0  0    4.551334379905808e-01  
 5    1  2  0  0  0  0  0    3.596403596403596e-01  
 5    3  1  0  0  0  0  0   -1.010589410589411e+00  
 5    2  0  1  0  0  0  0    3.236763236763237e-01  
 5    0  1  1  0  0  0  0   -1.398601398601399e-01  
 6    6  0  0  0  0  0  0   -7.887779447443313e-01  
 6    0  3  0  0  0  0  0    2.976304741010624e-01  
 6    0  0  2  0  0  0  0   -5.183052241875770e-02  
 6    2  2  0  0  0  0  0   -1.260034083563495e+00  
 6    4  1  0  0  0  0  0    2.011318989134114e+00  
 6    3  0  1  0  0  0  0   -9.128518540283246e-01  
 6    2  0  0  1  0  0  0    2.073220896750309e-01  
 6    0  1  0  1  0  0  0   -2.015631427396133e-01  
 6    1  1  1  0  0  0  0    6.934242228359877e-01  
 7    7  0  0  0  0  0  0    7.924611010396061e-01  
 7    1  3  0  0  0  0  0   -6.915478742104131e-01  
 7    3  2  0  0  0  0  0    2.311711464121902e+00  
 7    5  1  0  0  0  0  0   -2.508532505383457e+00  
 7    1  0  2  0  0  0  0    2.254043170451839e-01  
 7    4  0  1  0  0  0  0    1.111284999829891e+00  
 7    0  2  1  0  0  0  0    2.527503456296027e-01  
 7    3  0  0  1  0  0  0   -2.649981597350019e-01  
 7    2  1  1  0  0  0  0   -1.536840868110218e+00  
 7    0  0  1  1  0  0  0   -9.820520037238305e-02  
 7    1  1  0  1  0  0  0    3.879711619649699e-01  
 6  0 35 
 3    3  0  0  0  0  0  0    2.697302697302699e-01  
 3    0  0  1  0  0  0  0    2.307692307692308e-01  
 3    1  1  0  0  0  0  0   -5.244755244755245e-01  
 4    4  0  0  0  0  0  0   -3.776223776223777e-01  
 4    0  2  0  0  0  0  0   -1.165501165501165e-01  
 4    2  1  0  0  0  0  0    8.091908091908092e-01  
 4    1  0  1  0  0  0  0   -2.937062937062937e-01  
 5    5  0  0  0  0  0  0    1.177293294940354e+00  
 5    1  2  0  0  0  0  0    8.667802785449844e-01  
 5    3  1  0  0  0  0  0   -2.943233237350884e+00  
 5    2  0  1  0  0  0  0    1.441382147264500e+00  
 5    1  0  0  1  0  0  0   -3.800904977375565e-01  
 5    0  1  1  0  0  0  0   -1.727684080625257e-01  
 6    6  0  0  0  0  0  0   -1.676547601005805e+00  
 6    0  3  0  0  0  0  0    2.106252880246688e-01  
 6    0  0  2  0  0  0  0   -6.495052934681418e-02  
 6    2  2  0  0  0  0  0   -2.633527463248825e+00  
 6    4  1  0  0  0  0  0    4.860322340198501e+00  
 6    3  0  1  0  0  0  0   -2.224946570457407e+00  
 6    2  0  0  1  0  0  0    5.783195133040335e-01  
 6    0  1  0  1  0  0  0   -1.636753339539717e-01  
 6    1  1  1  0  0  0  0    1.127021585225920e+00  
 7    7  0  0  0  0  0  0    3.332407530549944e+00  
 7    1  3  0  0  0  0  0   -2.163393881660137e+00  
 7    3  2  0  0  0  0  0    8.479198819756098e+00  
 7    5  1  0  0  0  0  0   -1.089601729539810e+01  
 7    1  0  2  0  0  0  0    4.091883348849292e-01  
 7    4  0  1  0  0  0  0    5.640018186148216e+00  
 7    0  2  1  0  0  0  0    9.324009324009325e-01  
 7    3  0  0  1  0  0  0   -2.103773625755050e+00  
 7    2  0  0  0  1  0  0    3.858061443200762e-01  
 7    2  1  1  0  0  0  0   -4.889141817934387e+00  
 7    0  1  0  0  1  0  0   -2.500595379852347e-01  
 7    0  0  1  1  0  0  0   -1.136634263569248e-01  
 7    1  1  0  1  0  0  0    1.216653315724523e+00  
 8  0 34 
 4    4  0  0  0  0  0  0   -3.731797614150555e-01  
 4    0  2  0  0  0  0  0   -2.351569998628822e-01  
 4    2  1  0  0  0  0  0    9.675030851501442e-01  
 4    0  0  0  1  0  0  0    1.764705882352941e-01  
 4    1  0  1  0  0  0  0   -5.321266968325791e-01  
 5    5  0  0  0  0  0  0    7.856416029790643e-01  
 5    1  2  0  0  0  0  0    9.052660445849302e-01  
 5    3  1  0  0  0  0  0   -2.225984541774016e+00  
 5    2  0  1  0  0  0  0    1.079529758167529e+00  
 5    1  0  0  1  0  0  0   -3.120743034055727e-01  
 5    0  1  1  0  0  0  0   -2.291454675355604e-01  
 6    6  0  0  0  0  0  0   -2.752551473294508e+00  
 6    0  3  0  0  0  0  0    2.546060750395115e-01  
 6    0  0  2  0  0  0  0   -7.956439844984738e-02  
 6    2  2  0  0  0  0  0   -5.000988691391169e+00  
 6    4  1  0  0  0  0  0    8.746809846500250e+00  
 6    3  0  1  0  0  0  0   -4.805798783260085e+00  
 6    2  0  0  1  0  0  0    1.962324362943558e+00  
 6    1  0  0  0  1  0  0   -4.179566563467491e-01  
 6    0  1  0  1  0  0  0   -1.800428673493689e-01  
 6    1  1  1  0  0  0  0    2.271086189352443e+00  
 7    7  0  0  0  0  0  0    5.253713899507410e+00  
 7    1  3  0  0  0  0  0   -2.438525265285260e+00  
 7    3  2  0  0  0  0  0    1.498444900248642e+01  
 7    5  1  0  0  0  0  0   -1.871339741158021e+01  
 7    1  0  2  0  0  0  0    6.752595903221830e-01  
 7    4  0  1  0  0  0  0    9.817163243271738e+00  
 7    0  2  1  0  0  0  0    7.827599331166432e-01  
 7    3  0  0  1  0  0  0   -3.899850350215137e+00  
 7    2  0  0  0  1  0  0    8.431821241082246e-01  
 7    2  1  1  0  0  0  0   -8.559508333905969e+00  
 7    0  1  0  0  1  0  0   -1.776820568044151e-01  
 7    0  0  1  1  0  0  0   -1.304658459053398e-01  
 7    1  1  0  1  0  0  0    1.561849000373701e+00  
10  0 31 
 5    5  0  0  0  0  0  0    5.952437655224033e-01  
 5    1  2  0  0  0  0  0    1.022970837212323e+00  
 5    3  1  0  0  0  0  0   -1.929030721600381e+00  
 5    2  0  1  0  0  0  0    1.157418432960229e+00  
 5    0  0  0  0  1  0  0    1.428571428571428e-01  
 5    1  0  0  1  0  0  0   -5.373728438743920e-01  
 5    0  1  1  0  0  0  0   -4.501071683734224e-01  
 6    6  0  0  0  0  0  0   -1.682210641693748e+00  
 6    0  3  0  0  0  0  0    2.965132861484995e-01  
 6    0  0  2  0  0  0  0   -1.056773351833252e-01  
 6    2  2  0  0  0  0  0   -4.123652629508061e+00  
 6    4  1  0  0  0  0  0    5.894926180294332e+00  
 6    3  0  1  0  0  0  0   -3.220642596063244e+00  
 6    2  0  0  1  0  0  0    1.355114128031075e+00  
 6    1  0  0  0  1  0  0   -3.236351748937563e-01  
 6    0  1  0  1  0  0  0   -2.284483587485338e-01  
 6    1  1  1  0  0  0  0    2.129812575363794e+00  
 7    7  0  0  0  0  0  0    6.540434974905293e+00  
 7    1  3  0  0  0  0  0   -3.373474015552357e+00  
 7    3  2  0  0  0  0  0    2.187393035017212e+01  
 7    5  1  0  0  0  0  0   -2.513769057702293e+01  
 7    1  0  2  0  0  0  0    1.311039424971314e+00  
 7    4  0  1  0  0  0  0    1.465996251695538e+01  
 7    0  2  1  0  0  0  0    8.727656782576692e-01  
 7    3  0  0  1  0  0  0   -7.136095698620937e+00  
 7    2  0  0  0  1  0  0    2.481018402784455e+00  
 7    2  1  1  0  0  0  0   -1.413560164428384e+01  
 7    1  0  0  0  0  1  0   -4.427329192546585e-01  
 7    0  1  0  0  1  0  0   -1.850431705863123e-01  
 7    0  0  1  1  0  0  0   -1.549934249355437e-01  
 7    1  1  0  1  0  0  0    2.833238910772899e+00  
12  0 25 
 6    6  0  0  0  0  0  0   -1.036241755283349e+00  
 6    0  3  0  0  0  0  0    3.348623378237054e-01  
 6    0  0  2  0  0  0  0   -2.083800490800087e-01  
 6    2  2  0  0  0  0  0   -3.358190873603446e+00  
 6    4  1  0  0  0  0  0    4.029829048324136e+00  
 6    3  0  1  0  0  0  0   -2.533035401803742e+00  
 6    2  0  0  1  0  0  0    1.356983250966290e+00  
 6    0  0  0  0  0  1  0    1.200000000000000e-01  
 6    1  0  0  0  1  0  0   -5.411180124223604e-01  
 6    0  1  0  1  0  0  0   -4.397630905909274e-01  
 6    1  1  1  0  0  0  0    2.273236899054640e+00  
 7    7  0  0  0  0  0  0    3.684415129896352e+00  
 7    1  3  0  0  0  0  0   -3.040337416431103e+00  
 7    3  2  0  0  0  0  0    1.542280253062323e+01  
 7    5  1  0  0  0  0  0   -1.535172970790147e+01  
 7    1  0  2  0  0  0  0    1.161876637294594e+00  
 7    4  0  1  0  0  0  0    8.955175662942523e+00  
 7    0  2  1  0  0  0  0    9.695061971276804e-01  
 7    3  0  0  1  0  0  0   -4.442863680941486e+00  
 7    2  0  0  0  1  0  0    1.632847335730631e+00  
 7    2  1  1  0  0  0  0   -1.070356710189797e+01  
 7    1  0  0  0  0  1  0   -3.315942028985507e-01  
 7    0  1  0  0  1  0  0   -2.285423704188007e-01  
 7    0  0  1  1  0  0  0   -2.032682729842509e-01  
 7    1  1  0  1  0  0  0    2.479426186950753e+00  
14  0 15 
 7    7  0  0  0  0  0  0    1.914394381756490e+00  
 7    1  3  0  0  0  0  0   -2.414659543293368e+00  
 7    3  2  0  0  0  0  0    9.934599263835572e+00  
 7    5  1  0  0  0  0  0   -8.685678213524819e+00  
 7    1  0  2  0  0  0  0    1.202086510924105e+00  
 7    4  0  1  0  0  0  0    5.620144726398409e+00  
 7    0  2  1  0  0  0  0    1.062450199049082e+00  
 7    3  0  0  1  0  0  0   -3.261691135856220e+00  
 7    2  0  0  0  1  0  0    1.560779610194903e+00  
 7    2  1  1  0  0  0  0   -8.196044392664351e+00  
 7    0  0  0  0  0  0  1    1.034482758620690e-01  
 7    1  0  0  0  0  1  0   -5.439080459770116e-01  
 7    0  1  0  0  1  0  0   -4.335498917208063e-01  
 7    0  0  1  1  0  0  0   -3.986511388268714e-01  
 7    1  1  0  1  0  0  0    2.536870883443726e+00  
