# max order O=7 , coefficients in front of the Sn in the Ak, or in fn, fnp, or in m-Term in Ak 
# n in Sn, Snp, fn, or fnp, otherwise 0; k in Ak and m - Terms otherwise 0; summands in the coeffs sorted by order 
# s2_to_i2, s4_to_i2,...sO_to_iO, one double value 
7
 0  0  1 
 0    0  0  0  0  0  0  0    1.000000000000000e+00  
 0  2  0 
 0  4  0 
 0  6  0 
 0  8  0 
 0 10  0 
 0 12  0 
 0 14  0 
 2  0 12 
 2    1  0  0  0  0  0  0    4.000000000000000e-01  
 3    2  0  0  0  0  0  0    5.714285714285713e-02  
 4    3  0  0  0  0  0  0   -8.000000000000000e-02  
 4    1  1  0  0  0  0  0    1.142857142857143e-01  
 5    4  0  0  0  0  0  0   -7.619047619047619e-03  
 5    0  2  0  0  0  0  0    2.886002886002886e-02  
 6    1  2  0  0  0  0  0   -4.444444444444445e-02  
 6    3  1  0  0  0  0  0   -2.285714285714286e-02  
 6    0  1  1  0  0  0  0    6.993006993006995e-02  
 7    6  0  0  0  0  0  0   -3.047619047619049e-03  
 7    0  0  2  0  0  0  0    1.958041958041958e-02  
 7    2  2  0  0  0  0  0   -1.154401154401154e-02  
 2  2 20 
 1    0  0  0  0  0  0  0    1.000000000000000e+00  
 2    1  0  0  0  0  0  0    5.714285714285714e-01  
 3    2  0  0  0  0  0  0    2.857142857142857e-02  
 3    0  1  0  0  0  0  0    5.714285714285714e-01  
 4    3  0  0  0  0  0  0   -1.523809523809524e-01  
 4    1  1  0  0  0  0  0    3.116883116883117e-01  
 5    4  0  0  0  0  0  0    2.911564625850340e-02  
 5    0  2  0  0  0  0  0   -2.364302364302364e-02  
 5    2  1  0  0  0  0  0   -2.285714285714286e-01  
 5    1  0  1  0  0  0  0    1.798201798201798e-01  
 6    5  0  0  0  0  0  0   -7.619047619047619e-03  
 6    1  2  0  0  0  0  0   -1.212121212121212e-01  
 6    3  1  0  0  0  0  0   -4.353741496598640e-02  
 6    0  1  1  0  0  0  0    1.798201798201798e-01  
 7    6  0  0  0  0  0  0    6.167800453514739e-04  
 7    0  3  0  0  0  0  0   -7.548007548007549e-02  
 7    0  0  2  0  0  0  0   -1.933360756890169e-02  
 7    2  2  0  0  0  0  0   -4.700061842918987e-03  
 7    1  1  1  0  0  0  0   -1.398601398601399e-01  
 7    0  1  0  1  0  0  0    1.151789387083505e-01  
 2  4 21 
 2    1  0  0  0  0  0  0    1.028571428571428e+00  
 3    2  0  0  0  0  0  0    2.805194805194805e-01  
 3    0  1  0  0  0  0  0    5.194805194805194e-01  
 4    3  0  0  0  0  0  0   -2.057142857142857e-01  
 4    1  1  0  0  0  0  0    7.148851148851150e-01  
 4    0  0  1  0  0  0  0    6.293706293706295e-01  
 5    4  0  0  0  0  0  0   -1.959183673469388e-02  
 5    0  2  0  0  0  0  0    1.798201798201798e-01  
 5    2  1  0  0  0  0  0   -1.038961038961039e-01  
 5    1  0  1  0  0  0  0    3.236763236763237e-01  
 6    1  2  0  0  0  0  0   -1.142857142857143e-01  
 6    3  1  0  0  0  0  0   -6.867037724180582e-02  
 6    2  0  1  0  0  0  0   -1.258741258741259e-01  
 6    0  1  1  0  0  0  0    3.467121114179939e-01  
 6    1  0  0  1  0  0  0    2.073220896750309e-01  
 7    6  0  0  0  0  0  0   -7.836734693877551e-03  
 7    0  3  0  0  0  0  0   -5.772005772005771e-02  
 7    0  0  2  0  0  0  0    1.127021585225920e-01  
 7    2  2  0  0  0  0  0   -5.936920222634509e-02  
 7    3  0  1  0  0  0  0   -1.198801198801199e-02  
 7    0  1  0  1  0  0  0    1.939855809824850e-01  
 2  6 19 
 3    2  0  0  0  0  0  0    2.337662337662338e-01  
 3    0  1  0  0  0  0  0    9.090909090909094e-01  
 4    1  1  0  0  0  0  0    4.675324675324676e-01  
 4    0  0  1  0  0  0  0    5.090909090909090e-01  
 5    0  2  0  0  0  0  0    2.504031915796622e-01  
 5    2  1  0  0  0  0  0   -1.818181818181818e-01  
 5    1  0  1  0  0  0  0    6.994652406417112e-01  
 5    0  0  0  1  0  0  0    6.588235294117648e-01  
 6    3  1  0  0  0  0  0   -1.731601731601732e-02  
 6    2  0  1  0  0  0  0   -1.018181818181818e-01  
 6    0  1  1  0  0  0  0    3.255840135097101e-01  
 6    1  0  0  1  0  0  0    3.341401632423304e-01  
 7    0  3  0  0  0  0  0   -1.010101010101010e-01  
 7    0  0  2  0  0  0  0    1.182099634112018e-01  
 7    2  2  0  0  0  0  0   -5.194805194805195e-02  
 7    3  0  1  0  0  0  0   -9.696969696969699e-03  
 7    2  0  0  1  0  0  0   -1.317647058823530e-01  
 7    0  1  0  1  0  0  0    3.514776245426401e-01  
 7    1  0  0  0  1  0  0    2.229102167182663e-01  
 2  8 14 
 4    0  0  1  0  0  0  0    8.615384615384619e-01  
 4    1  1  0  0  0  0  0    3.916083916083916e-01  
 5    0  2  0  0  0  0  0    1.832086042612358e-01  
 5    1  0  1  0  0  0  0    4.369525211630474e-01  
 5    0  0  0  1  0  0  0    5.052631578947369e-01  
 6    2  0  1  0  0  0  0   -1.723076923076924e-01  
 6    1  0  0  1  0  0  0    6.942741469057259e-01  
 6    0  1  1  0  0  0  0    4.596245859403754e-01  
 6    0  0  0  0  1  0  0    6.766917293233082e-01  
 7    0  0  2  0  0  0  0    1.366596789937751e-01  
 7    3  0  1  0  0  0  0   -1.641025641025641e-02  
 7    2  0  0  1  0  0  0   -1.010526315789474e-01  
 7    0  1  0  1  0  0  0    3.160884881708680e-01  
 7    1  0  0  0  1  0  0    3.412880026152337e-01  
 2 10 11 
 5    0  2  0  0  0  0  0    1.591287968996948e-01  
 5    0  0  0  1  0  0  0    8.359133126934986e-01  
 5    1  0  1  0  0  0  0    3.600857346987379e-01  
 6    1  0  0  1  0  0  0    4.215910620541123e-01  
 6    0  1  1  0  0  0  0    3.313041783899234e-01  
 6    0  0  0  0  1  0  0    5.034324942791762e-01  
 7    0  0  2  0  0  0  0    2.039394661066488e-01  
 7    2  0  0  1  0  0  0   -1.671826625386997e-01  
 7    1  0  0  0  1  0  0    6.918723919773860e-01  
 7    0  1  0  1  0  0  0    4.407260527868954e-01  
 7    0  0  0  0  0  1  0    6.886956521739130e-01  
 2 12  7 
 6    0  0  0  0  1  0  0    8.198757763975153e-01  
 6    1  0  0  1  0  0  0    3.426725381228006e-01  
 6    0  1  1  0  0  0  0    2.870248609917475e-01  
 7    0  0  2  0  0  0  0    1.467015956180043e-01  
 7    1  0  0  0  1  0  0    4.123351857905633e-01  
 7    0  1  0  1  0  0  0    3.130588619887315e-01  
 7    0  0  0  0  0  1  0    5.024154589371980e-01  
 2 14  4 
 7    0  0  2  0  0  0  0    1.276941714901063e-01  
 7    0  0  0  0  0  1  0    8.088888888888889e-01  
 7    1  0  0  0  1  0  0    3.315942028985507e-01  
 7    0  1  0  1  0  0  0    2.694844528200296e-01  
 4  0 13 
 4    2  0  0  0  0  0  0    3.428571428571430e-01  
 4    0  1  0  0  0  0  0    4.444444444444445e-01  
 5    3  0  0  0  0  0  0    1.246753246753247e-01  
 5    1  1  0  0  0  0  0    3.463203463203463e-01  
 6    4  0  0  0  0  0  0   -9.638361638361637e-02  
 6    0  2  0  0  0  0  0    1.078921078921079e-01  
 6    2  1  0  0  0  0  0    2.099234099234099e-01  
 6    1  0  1  0  0  0  0    4.195804195804197e-01  
 7    5  0  0  0  0  0  0   -3.799628942486085e-02  
 7    1  2  0  0  0  0  0    2.397602397602398e-01  
 7    3  1  0  0  0  0  0   -5.434565434565435e-02  
 7    2  0  1  0  0  0  0    2.157842157842158e-01  
 7    0  1  1  0  0  0  0    1.864801864801865e-01  
 4  2 16 
 3    1  0  0  0  0  0  0    1.142857142857143e+00  
 4    2  0  0  0  0  0  0    9.350649350649354e-01  
 4    0  1  0  0  0  0  0    5.772005772005772e-01  
 5    3  0  0  0  0  0  0    1.294705294705295e-01  
 5    1  1  0  0  0  0  0    2.382950382950383e+00  
 5    0  0  1  0  0  0  0    6.993006993006993e-01  
 6    4  0  0  0  0  0  0   -2.794919366347939e-01  
 6    0  2  0  0  0  0  0    5.994005994005994e-01  
 6    2  1  0  0  0  0  0    1.297369297369297e+00  
 6    1  0  1  0  0  0  0    1.078921078921079e+00  
 7    5  0  0  0  0  0  0   -6.151562722991295e-02  
 7    1  2  0  0  0  0  0    1.136588901294784e+00  
 7    3  1  0  0  0  0  0   -6.065262468623813e-01  
 7    2  0  1  0  0  0  0    9.026267849797263e-01  
 7    0  1  1  0  0  0  0    1.155707038059979e+00  
 7    1  0  0  1  0  0  0    6.910736322501030e-01  
 4  4 18 
 2    0  0  0  0  0  0  0    1.000000000000000e+00  
 3    1  0  0  0  0  0  0    1.038961038961039e+00  
 4    2  0  0  0  0  0  0    1.344655344655345e+00  
 4    0  1  0  0  0  0  0    6.473526473526473e-01  
 5    3  0  0  0  0  0  0    2.866466866466866e-01  
 5    1  1  0  0  0  0  0    2.157842157842158e+00  
 5    0  0  1  0  0  0  0    5.594405594405595e-01  
 6    4  0  0  0  0  0  0   -4.182315163827768e-01  
 6    0  2  0  0  0  0  0    1.234229822465116e+00  
 6    2  1  0  0  0  0  0    2.114591291061879e+00  
 6    1  0  1  0  0  0  0    2.080272668507964e+00  
 6    0  0  0  1  0  0  0    8.062525709584535e-01  
 7    5  0  0  0  0  0  0   -1.390304933162076e-01  
 7    1  2  0  0  0  0  0    1.716123573708713e+00  
 7    3  1  0  0  0  0  0   -3.008784227713905e-01  
 7    2  0  1  0  0  0  0    1.374278971802192e+00  
 7    0  1  1  0  0  0  0    1.516502073777616e+00  
 7    1  0  0  1  0  0  0    1.163913485894910e+00  
 4  6 18 
 3    1  0  0  0  0  0  0    1.818181818181818e+00  
 4    2  0  0  0  0  0  0    1.402597402597403e+00  
 4    0  1  0  0  0  0  0    8.080808080808082e-01  
 5    3  0  0  0  0  0  0    5.500381970970206e-02  
 5    1  1  0  0  0  0  0    3.004838298955947e+00  
 5    0  0  1  0  0  0  0    5.989304812834225e-01  
 6    4  0  0  0  0  0  0   -4.304772626754050e-01  
 6    0  2  0  0  0  0  0    1.095251497728278e+00  
 6    2  1  0  0  0  0  0    1.985069625936499e+00  
 6    1  0  1  0  0  0  0    1.953504081058261e+00  
 6    0  0  0  1  0  0  0    5.674078243737687e-01  
 7    5  0  0  0  0  0  0   -6.443304594565098e-02  
 7    1  2  0  0  0  0  0    2.088644070068219e+00  
 7    3  1  0  0  0  0  0   -6.622974548671141e-01  
 7    2  0  1  0  0  0  0    1.991910256925737e+00  
 7    0  1  1  0  0  0  0    2.787878787878788e+00  
 7    1  0  0  1  0  0  0    2.108865747255840e+00  
 7    0  0  0  0  1  0  0    8.668730650154800e-01  
 4  8 17 
 4    2  0  0  0  0  0  0    1.174825174825175e+00  
 4    0  1  0  0  0  0  0    1.522921522921523e+00  
 5    3  0  0  0  0  0  0    6.006624953993377e-01  
 5    1  1  0  0  0  0  0    2.198503251134830e+00  
 5    0  0  1  0  0  0  0    7.419948472580051e-01  
 6    4  0  0  0  0  0  0   -2.808980493191020e-01  
 6    0  2  0  0  0  0  0    9.274935590725065e-01  
 6    2  1  0  0  0  0  0    1.582137161084529e+00  
 6    1  0  1  0  0  0  0    2.757747515642254e+00  
 6    0  0  0  1  0  0  0    5.829959514170040e-01  
 7    5  0  0  0  0  0  0   -1.648877438351123e-01  
 7    1  2  0  0  0  0  0    1.974044262373782e+00  
 7    3  1  0  0  0  0  0   -2.437470995823399e-01  
 7    2  0  1  0  0  0  0    1.765579043382247e+00  
 7    0  1  1  0  0  0  0    1.900988408997562e+00  
 7    1  0  0  1  0  0  0    1.896530929025208e+00  
 7    0  0  0  0  1  0  0    5.753514220333441e-01  
 4 10 15 
 5    3  0  0  0  0  0  0    3.273506679079434e-01  
 5    0  0  1  0  0  0  0    1.400333412717314e+00  
 5    1  1  0  0  0  0  0    1.909545562796337e+00  
 6    4  0  0  0  0  0  0    8.336259244860672e-02  
 6    0  2  0  0  0  0  0    8.302372012157987e-01  
 6    2  1  0  0  0  0  0    1.399542710620918e+00  
 6    1  0  1  0  0  0  0    1.987825070339541e+00  
 6    0  0  0  1  0  0  0    7.107282272176605e-01  
 7    5  0  0  0  0  0  0   -6.547013358158868e-02  
 7    1  2  0  0  0  0  0    1.717404953372109e+00  
 7    3  1  0  0  0  0  0   -2.088131279139491e-01  
 7    2  0  1  0  0  0  0    1.405805071224374e+00  
 7    1  0  0  1  0  0  0    2.644356316721373e+00  
 7    0  1  1  0  0  0  0    1.629162599414316e+00  
 7    0  0  0  0  1  0  0    5.756898640463052e-01  
 4 12 11 
 6    4  0  0  0  0  0  0    3.354836037565880e-02  
 6    0  2  0  0  0  0  0    7.610507677811487e-01  
 6    2  1  0  0  0  0  0    7.827950754320385e-01  
 6    0  0  0  1  0  0  0    1.332615426033114e+00  
 6    1  0  1  0  0  0  0    1.722149165950485e+00  
 7    1  2  0  0  0  0  0    1.063055040710176e+00  
 7    3  1  0  0  0  0  0    2.567899189247957e-01  
 7    2  0  1  0  0  0  0    1.247501993228201e+00  
 7    1  0  0  1  0  0  0    1.878353171932388e+00  
 7    0  1  1  0  0  0  0    1.468948783526789e+00  
 7    0  0  0  0  1  0  0    6.925526376327289e-01  
 4 14  6 
 7    1  2  0  0  0  0  0    6.156055099385290e-01  
 7    3  1  0  0  0  0  0    1.055323731323193e-01  
 7    2  0  1  0  0  0  0    6.965136626733073e-01  
 7    0  0  0  0  1  0  0    1.289533011272142e+00  
 7    1  0  0  1  0  0  0    1.616906716920178e+00  
 7    0  1  1  0  0  0  0    1.354332121864764e+00  
 6  0  7 
 6    3  0  0  0  0  0  0    3.596403596403596e-01  
 6    0  0  1  0  0  0  0    4.615384615384616e-01  
 6    1  1  0  0  0  0  0    1.048951048951049e+00  
 7    4  0  0  0  0  0  0    2.157842157842158e-01  
 7    0  2  0  0  0  0  0    2.331002331002331e-01  
 7    2  1  0  0  0  0  0    1.078921078921079e+00  
 7    1  0  1  0  0  0  0    5.874125874125874e-01  
 6  2 10 
 5    2  0  0  0  0  0  0    1.348651348651349e+00  
 5    0  1  0  0  0  0  0    1.048951048951049e+00  
 6    3  0  0  0  0  0  0    1.438561438561438e+00  
 6    1  1  0  0  0  0  0    2.697302697302697e+00  
 6    0  0  1  0  0  0  0    5.874125874125874e-01  
 7    4  0  0  0  0  0  0    3.490627020038785e-01  
 7    0  2  0  0  0  0  0    1.444633797574973e+00  
 7    2  1  0  0  0  0  0    5.562084973849679e+00  
 7    1  0  1  0  0  0  0    4.035376388317566e+00  
 7    0  0  0  1  0  0  0    7.601809954751132e-01  
 6  4 11 
 4    1  0  0  0  0  0  0    1.888111888111888e+00  
 5    2  0  0  0  0  0  0    2.427572427572428e+00  
 5    0  1  0  0  0  0  0    8.391608391608394e-01  
 6    3  0  0  0  0  0  0    2.078509725568549e+00  
 6    1  1  0  0  0  0  0    5.200681671269907e+00  
 6    0  0  1  0  0  0  0    6.219662690250929e-01  
 7    4  0  0  0  0  0  0    3.128759785106535e-01  
 7    0  2  0  0  0  0  0    1.895627592222019e+00  
 7    2  1  0  0  0  0  0    7.710555698171796e+00  
 7    1  0  1  0  0  0  0    3.381064755677759e+00  
 7    0  0  0  1  0  0  0    5.892312022342983e-01  
 6  6 12 
 3    0  0  0  0  0  0  0    1.000000000000000e+00  
 4    1  0  0  0  0  0  0    1.527272727272727e+00  
 5    2  0  0  0  0  0  0    4.045989304812835e+00  
 5    0  1  0  0  0  0  0    8.983957219251339e-01  
 6    3  0  0  0  0  0  0    3.049527562221062e+00  
 6    1  1  0  0  0  0  0    4.883760202645652e+00  
 6    0  0  1  0  0  0  0    6.754855052068676e-01  
 7    4  0  0  0  0  0  0   -1.762856338707732e-01  
 7    0  2  0  0  0  0  0    2.818181818181818e+00  
 7    2  1  0  0  0  0  0    1.051508986369667e+01  
 7    1  0  1  0  0  0  0    3.546298902336054e+00  
 7    0  0  0  1  0  0  0    5.910498170560090e-01  
 6  8 11 
 4    1  0  0  0  0  0  0    2.584615384615385e+00  
 5    2  0  0  0  0  0  0    3.277143908722857e+00  
 5    0  1  0  0  0  0  0    1.112992270887008e+00  
 6    3  0  0  0  0  0  0    2.750680898049319e+00  
 6    1  1  0  0  0  0  0    6.894368789105632e+00  
 6    0  0  1  0  0  0  0    7.729112992270888e-01  
 7    4  0  0  0  0  0  0    3.520506953001232e-01  
 7    0  2  0  0  0  0  0    2.376235511246953e+00  
 7    2  1  0  0  0  0  0    9.940887487798244e+00  
 7    1  0  1  0  0  0  0    4.099790369813253e+00  
 7    0  0  0  1  0  0  0    6.336912515402218e-01  
 6 10 10 
 5    2  0  0  0  0  0  0    2.700643010240534e+00  
 5    0  1  0  0  0  0  0    2.100500119075971e+00  
 6    3  0  0  0  0  0  0    2.732666445144571e+00  
 6    1  1  0  0  0  0  0    4.969562675848851e+00  
 6    0  0  1  0  0  0  0    9.863217950443691e-01  
 7    4  0  0  0  0  0  0    4.090460085075782e-01  
 7    0  2  0  0  0  0  0    2.036453249267895e+00  
 7    2  1  0  0  0  0  0    9.129525475197838e+00  
 7    1  0  1  0  0  0  0    6.118183983199462e+00  
 7    0  0  0  1  0  0  0    7.233026496992040e-01  
 6 12  8 
 6    3  0  0  0  0  0  0    1.476127856528987e+00  
 6    0  0  1  0  0  0  0    1.894364082545534e+00  
 6    1  1  0  0  0  0  0    4.305372914876211e+00  
 7    4  0  0  0  0  0  0    1.118278679188627e+00  
 7    0  2  0  0  0  0  0    1.836185979408486e+00  
 7    2  1  0  0  0  0  0    6.237509966141007e+00  
 7    1  0  1  0  0  0  0    4.401047868540130e+00  
 7    0  0  0  1  0  0  0    9.239466953829588e-01  
 6 14  5 
 7    4  0  0  0  0  0  0    4.477587831471261e-01  
 7    0  2  0  0  0  0  0    1.692915152330955e+00  
 7    2  1  0  0  0  0  0    3.482568313366536e+00  
 7    0  0  0  1  0  0  0    1.778597388612196e+00  
 7    1  0  1  0  0  0  0    3.830825144703189e+00  
 8  0  0 
 8  2  3 
 7    3  0  0  0  0  0  0    1.658576717400247e+00  
 7    0  0  1  0  0  0  0    1.013574660633484e+00  
 7    1  1  0  0  0  0  0    3.225010283833813e+00  
 8  4  5 
 6    2  0  0  0  0  0  0    2.902509255450433e+00  
 6    0  1  0  0  0  0  0    1.612505141916907e+00  
 7    3  0  0  0  0  0  0    4.451969083548033e+00  
 7    1  1  0  0  0  0  0    5.431596267509581e+00  
 7    0  0  1  0  0  0  0    7.856416029790643e-01  
 8  6  6 
 5    1  0  0  0  0  0  0    2.635294117647059e+00  
 6    2  0  0  0  0  0  0    4.677962285392628e+00  
 6    0  1  0  0  0  0  0    1.134815648747537e+00  
 7    3  0  0  0  0  0  0    7.734399099352662e+00  
 7    1  1  0  0  0  0  0    9.841373487193916e+00  
 7    0  0  1  0  0  0  0    7.880664227413452e-01  
 8  8  7 
 4    0  0  0  0  0  0  0    1.000000000000000e+00  
 5    1  0  0  0  0  0  0    2.021052631578947e+00  
 6    2  0  0  0  0  0  0    8.119838056680162e+00  
 6    0  1  0  0  0  0  0    1.165991902834008e+00  
 7    3  0  0  0  0  0  0    9.953486452525357e+00  
 7    1  1  0  0  0  0  0    8.850477668784306e+00  
 7    0  0  1  0  0  0  0    8.449216687202958e-01  
 8 10  6 
 5    1  0  0  0  0  0  0    3.343653250773994e+00  
 6    2  0  0  0  0  0  0    5.902274868757571e+00  
 6    0  1  0  0  0  0  0    1.421456454435321e+00  
 7    3  0  0  0  0  0  0    9.719183656564192e+00  
 7    1  1  0  0  0  0  0    1.234032947803307e+01  
 7    0  0  1  0  0  0  0    9.644035329322718e-01  
 8 12  5 
 6    2  0  0  0  0  0  0    4.797415533719207e+00  
 6    0  1  0  0  0  0  0    2.665230852066228e+00  
 7    3  0  0  0  0  0  0    7.249427917620138e+00  
 7    1  1  0  0  0  0  0    8.765648135684479e+00  
 7    0  0  1  0  0  0  0    1.231928927177278e+00  
 8 14  3 
 7    3  0  0  0  0  0  0    3.880576120608426e+00  
 7    0  0  1  0  0  0  0    2.371463184816259e+00  
 7    1  1  0  0  0  0  0    7.545564678960829e+00  
10  0  0 
10  2  0 
10  4  0 
10  6  2 
 7    2  0  0  0  0  0  0    5.015479876160989e+00  
 7    0  1  0  0  0  0  0    2.167182662538700e+00  
10  8  3 
 6    1  0  0  0  0  0  0    3.383458646616541e+00  
 7    2  0  0  0  0  0  0    7.678980058842757e+00  
 7    0  1  0  0  0  0  0    1.438378555083361e+00  
10 10  4 
 5    0  0  0  0  0  0  0    1.000000000000000e+00  
 6    1  0  0  0  0  0  0    2.517162471395880e+00  
 7    2  0  0  0  0  0  0    1.356712881949118e+01  
 7    0  1  0  0  0  0  0    1.439224660115763e+00  
10 12  3 
 6    1  0  0  0  0  0  0    4.099378881987579e+00  
 7    2  0  0  0  0  0  0    9.277541680287674e+00  
 7    0  1  0  0  0  0  0    1.731381594081823e+00  
10 14  2 
 7    2  0  0  0  0  0  0    7.460869565217391e+00  
 7    0  1  0  0  0  0  0    3.223832528180355e+00  
12  0  0 
12  2  0 
12  4  0 
12  6  0 
12  8  0 
12 10  1 
 7    1  0  0  0  0  0  0    4.132173913043478e+00  
12 12  2 
 6    0  0  0  0  0  0  0    1.000000000000000e+00  
 7    1  0  0  0  0  0  0    3.014492753623188e+00  
12 14  1 
 7    1  0  0  0  0  0  0    4.853333333333333e+00  
14  0  0 
14  2  0 
14  4  0 
14  6  0 
14  8  0 
14 10  0 
14 12  0 
14 14  1 
 7    0  0  0  0  0  0  0    1.000000000000000e+00  
