# max order O=7 , coefficients in front of the Sn in the Ak, or in fn, fnp, or in m-Term in Ak 
# n in Sn, Snp, fn, or fnp, otherwise 0; k in Ak and m - Terms otherwise 0; summands in the coeffs sorted by order 
# s2_to_i2, s4_to_i2,...sO_to_iO, one double value 
7
 0  0 24 
 0    0  0  0  0  0  0  0    1.000000000000000e+00  
 2    2  0  0  0  0  0  0    4.000000000000000e-01  
 3    3  0  0  0  0  0  0   -3.809523809523810e-02  
 4    4  0  0  0  0  0  0    2.457142857142857e-01  
 4    0  2  0  0  0  0  0    2.222222222222222e-01  
 4    2  1  0  0  0  0  0   -1.142857142857143e-01  
 5    5  0  0  0  0  0  0   -7.099567099567101e-02  
 5    1  2  0  0  0  0  0   -5.772005772005771e-02  
 5    3  1  0  0  0  0  0    1.246753246753247e-01  
 6    6  0  0  0  0  0  0    1.883665540808398e-01  
 6    0  3  0  0  0  0  0   -1.198801198801199e-02  
 6    4  1  0  0  0  0  0   -2.723676323676325e-01  
 6    0  0  2  0  0  0  0    1.538461538461539e-01  
 6    2  2  0  0  0  0  0    4.160728160728162e-01  
 6    3  0  1  0  0  0  0    7.192807192807192e-02  
 6    1  1  1  0  0  0  0   -1.398601398601399e-01  
 7    7  0  0  0  0  0  0   -9.918005803720091e-02  
 7    3  2  0  0  0  0  0   -3.212787212787214e-01  
 7    5  1  0  0  0  0  0    2.947148090005233e-01  
 7    1  3  0  0  0  0  0    7.992007992007992e-02  
 7    1  0  2  0  0  0  0   -3.916083916083916e-02  
 7    4  0  1  0  0  0  0   -7.192807192807192e-02  
 7    0  2  1  0  0  0  0   -3.108003108003108e-02  
 7    2  1  1  0  0  0  0    2.157842157842158e-01  
 0  2 29 
 2    2  0  0  0  0  0  0    2.857142857142858e-01  
 3    3  0  0  0  0  0  0   -8.285714285714287e-01  
 3    1  1  0  0  0  0  0    5.714285714285714e-01  
 4    4  0  0  0  0  0  0    3.930735930735931e-01  
 4    0  2  0  0  0  0  0    1.443001443001443e-01  
 4    2  1  0  0  0  0  0   -4.675324675324676e-01  
 5    5  0  0  0  0  0  0   -7.112658769801627e-01  
 5    1  2  0  0  0  0  0   -8.179598179598181e-01  
 5    3  1  0  0  0  0  0    1.043756243756244e+00  
 5    2  0  1  0  0  0  0   -2.697302697302699e-01  
 5    0  1  1  0  0  0  0    3.496503496503496e-01  
 6    6  0  0  0  0  0  0    4.673535987821701e-01  
 6    0  3  0  0  0  0  0   -9.990009990009993e-02  
 6    0  0  2  0  0  0  0    9.790209790209790e-02  
 6    2  2  0  0  0  0  0    9.459429459429463e-01  
 6    4  1  0  0  0  0  0   -1.091594120165549e+00  
 6    3  0  1  0  0  0  0    2.877122877122877e-01  
 6    1  1  1  0  0  0  0   -5.394605394605395e-01  
 7    7  0  0  0  0  0  0   -6.686554528571336e-01  
 7    5  1  0  0  0  0  0    1.689885240809611e+00  
 7    1  3  0  0  0  0  0    6.843352725705669e-01  
 7    3  2  0  0  0  0  0   -2.108345436076529e+00  
 7    1  0  2  0  0  0  0   -5.573837926779103e-01  
 7    4  0  1  0  0  0  0   -6.917788094258683e-01  
 7    0  2  1  0  0  0  0   -2.889267595149948e-01  
 7    3  0  0  1  0  0  0    1.184697655285891e-01  
 7    2  1  1  0  0  0  0    1.392137274490216e+00  
 7    0  0  1  1  0  0  0    2.533936651583710e-01  
 7    1  1  0  1  0  0  0   -3.455368161250514e-01  
 0  4 32 
 2    2  0  0  0  0  0  0    5.142857142857141e-01  
 3    3  0  0  0  0  0  0   -2.805194805194805e-01  
 3    1  1  0  0  0  0  0    5.194805194805194e-01  
 4    4  0  0  0  0  0  0    6.754045954045953e-01  
 4    0  2  0  0  0  0  0    1.618381618381618e-01  
 4    2  1  0  0  0  0  0   -1.472327672327672e+00  
 4    1  0  1  0  0  0  0    6.293706293706295e-01  
 5    5  0  0  0  0  0  0   -4.827401170258312e-01  
 5    3  1  0  0  0  0  0    1.259806859806860e+00  
 5    1  2  0  0  0  0  0   -5.394605394605395e-01  
 5    2  0  1  0  0  0  0   -4.855144855144855e-01  
 5    0  1  1  0  0  0  0    2.797202797202797e-01  
 6    6  0  0  0  0  0  0    7.576588789361900e-01  
 6    0  3  0  0  0  0  0   -5.020012667071490e-01  
 6    0  0  2  0  0  0  0    1.036610448375154e-01  
 6    2  2  0  0  0  0  0    1.520032908268202e+00  
 6    4  1  0  0  0  0  0   -2.155013389971373e+00  
 6    3  0  1  0  0  0  0    1.170946700358465e+00  
 6    2  0  0  1  0  0  0   -3.109831345125464e-01  
 6    0  1  0  1  0  0  0    4.031262854792268e-01  
 6    1  1  1  0  0  0  0   -1.040136334253981e+00  
 7    7  0  0  0  0  0  0   -6.421266164176382e-01  
 7    5  1  0  0  0  0  0    2.266513695651245e+00  
 7    1  3  0  0  0  0  0    8.414014605965070e-01  
 7    3  2  0  0  0  0  0   -2.356809223505376e+00  
 7    1  0  2  0  0  0  0   -3.381064755677760e-01  
 7    4  0  1  0  0  0  0   -1.164032252577144e+00  
 7    0  2  1  0  0  0  0   -3.791255184444038e-01  
 7    3  0  0  1  0  0  0    3.179977916820023e-01  
 7    2  1  1  0  0  0  0    1.877775475298695e+00  
 7    0  0  1  1  0  0  0    1.964104007447661e-01  
 7    1  1  0  1  0  0  0   -5.819567429474550e-01  
 0  6 34 
 3    3  0  0  0  0  0  0   -2.337662337662338e-01  
 3    1  1  0  0  0  0  0    9.090909090909094e-01  
 4    4  0  0  0  0  0  0    1.870129870129870e-01  
 4    0  2  0  0  0  0  0    2.020202020202020e-01  
 4    2  1  0  0  0  0  0   -7.012987012987012e-01  
 4    1  0  1  0  0  0  0    5.090909090909090e-01  
 5    5  0  0  0  0  0  0   -4.345301757066462e-01  
 5    1  2  0  0  0  0  0   -7.512095747389865e-01  
 5    3  1  0  0  0  0  0    1.691367456073338e+00  
 5    2  0  1  0  0  0  0   -1.449197860962567e+00  
 5    1  0  0  1  0  0  0    6.588235294117648e-01  
 5    0  1  1  0  0  0  0    2.994652406417112e-01  
 6    6  0  0  0  0  0  0    3.979023188222657e-01  
 6    0  3  0  0  0  0  0   -1.825419162880463e-01  
 6    0  0  2  0  0  0  0    1.125809175344779e-01  
 6    4  1  0  0  0  0  0   -1.681379920389208e+00  
 6    2  2  0  0  0  0  0    1.356171176604613e+00  
 6    3  0  1  0  0  0  0    1.205576508115208e+00  
 6    2  0  0  1  0  0  0   -5.012102448634955e-01  
 6    0  1  0  1  0  0  0    2.837039121868842e-01  
 6    1  1  1  0  0  0  0   -9.767520405291302e-01  
 7    7  0  0  0  0  0  0   -6.108249998564020e-01  
 7    1  3  0  0  0  0  0    1.201265195073245e+00  
 7    3  2  0  0  0  0  0   -2.781231152748181e+00  
 7    5  1  0  0  0  0  0    2.695290556413954e+00  
 7    1  0  2  0  0  0  0   -3.546298902336054e-01  
 7    4  0  1  0  0  0  0   -2.118920831490491e+00  
 7    0  2  1  0  0  0  0   -9.191919191919191e-01  
 7    3  0  0  1  0  0  0    1.211280607936955e+00  
 7    2  1  1  0  0  0  0    2.416661975795102e+00  
 7    2  0  0  0  1  0  0   -3.343653250773995e-01  
 7    0  1  0  0  1  0  0    4.334365325077399e-01  
 7    0  0  1  1  0  0  0    1.970166056853363e-01  
 7    1  1  0  1  0  0  0   -1.054432873627920e+00  
 0  8 33 
 4    4  0  0  0  0  0  0    1.006993006993007e-01  
 4    0  2  0  0  0  0  0    3.807303807303807e-01  
 4    2  1  0  0  0  0  0   -5.874125874125874e-01  
 4    1  0  1  0  0  0  0    8.615384615384619e-01  
 5    5  0  0  0  0  0  0   -1.059992638940007e-01  
 5    1  2  0  0  0  0  0   -5.496258127837076e-01  
 5    3  1  0  0  0  0  0    6.006624953993377e-01  
 5    2  0  1  0  0  0  0   -6.554287817445710e-01  
 5    1  0  0  1  0  0  0    5.052631578947369e-01  
 5    0  1  1  0  0  0  0    3.709974236290027e-01  
 6    6  0  0  0  0  0  0    2.483411325516589e-01  
 6    0  3  0  0  0  0  0   -1.545822598454177e-01  
 6    0  0  2  0  0  0  0    1.288185498711814e-01  
 6    2  2  0  0  0  0  0    1.476383265856950e+00  
 6    4  1  0  0  0  0  0   -1.415090172984910e+00  
 6    3  0  1  0  0  0  0    1.583982333456018e+00  
 6    2  0  0  1  0  0  0   -1.441411220358589e+00  
 6    1  0  0  0  1  0  0    6.766917293233082e-01  
 6    0  1  0  1  0  0  0    2.914979757085021e-01  
 6    1  1  1  0  0  0  0   -1.378873757821126e+00  
 7    7  0  0  0  0  0  0   -2.719989392758271e-01  
 7    3  2  0  0  0  0  0   -2.224640348210142e+00  
 7    1  3  0  0  0  0  0    6.580147541245940e-01  
 7    5  1  0  0  0  0  0    1.617655570973649e+00  
 7    1  0  2  0  0  0  0   -4.099790369813253e-01  
 7    4  0  1  0  0  0  0   -1.548418812308973e+00  
 7    3  0  0  1  0  0  0    1.189015591578521e+00  
 7    0  2  1  0  0  0  0   -4.752471022493907e-01  
 7    2  0  0  0  1  0  0   -5.119320039228507e-01  
 7    2  1  1  0  0  0  0    2.433374405914452e+00  
 7    0  1  0  0  1  0  0    2.876757110166721e-01  
 7    0  0  1  1  0  0  0    2.112304171800739e-01  
 7    1  1  0  1  0  0  0   -9.482654645126045e-01  
 0 10 30 
 5    5  0  0  0  0  0  0   -4.208794301673559e-02  
 5    1  2  0  0  0  0  0   -4.773863906990843e-01  
 5    3  1  0  0  0  0  0    3.273506679079434e-01  
 5    2  0  1  0  0  0  0   -5.401286020481068e-01  
 5    1  0  0  1  0  0  0    8.359133126934986e-01  
 5    0  1  1  0  0  0  0    7.001667063586571e-01  
 6    6  0  0  0  0  0  0    5.489731697835077e-02  
 6    0  3  0  0  0  0  0   -1.383728668692998e-01  
 6    0  0  2  0  0  0  0    1.643869658407281e-01  
 6    2  2  0  0  0  0  0    6.997713553104590e-01  
 6    4  1  0  0  0  0  0   -4.168129622430337e-01  
 6    3  0  1  0  0  0  0    5.465332890289143e-01  
 6    2  0  0  1  0  0  0   -6.323865930811685e-01  
 6    1  0  0  0  1  0  0    5.034324942791762e-01  
 6    0  1  0  1  0  0  0    3.553641136088302e-01  
 6    1  1  1  0  0  0  0   -9.939125351697703e-01  
 7    7  0  0  0  0  0  0   -1.319731500159552e-01  
 7    1  3  0  0  0  0  0    5.724683177907031e-01  
 7    3  2  0  0  0  0  0   -1.769421855570732e+00  
 7    5  1  0  0  0  0  0    9.966099588929046e-01  
 7    1  0  2  0  0  0  0   -6.118183983199463e-01  
 7    4  0  1  0  0  0  0   -1.288623020538487e+00  
 7    0  2  1  0  0  0  0   -4.072906498535789e-01  
 7    3  0  0  1  0  0  0    1.530140716733798e+00  
 7    2  0  0  0  1  0  0   -1.437808587966079e+00  
 7    2  1  1  0  0  0  0    2.666105142669957e+00  
 7    1  0  0  0  0  1  0    6.886956521739130e-01  
 7    0  1  0  0  1  0  0    2.878449320231524e-01  
 7    0  0  1  1  0  0  0    2.411008832330679e-01  
 7    1  1  0  1  0  0  0   -1.322178158360686e+00  
 0 12 24 
 6    6  0  0  0  0  0  0    1.725344247891024e-02  
 6    0  3  0  0  0  0  0   -1.268417946301915e-01  
 6    0  0  2  0  0  0  0    3.157273470909223e-01  
 6    2  2  0  0  0  0  0    3.913975377160193e-01  
 6    4  1  0  0  0  0  0   -1.677418018782940e-01  
 6    3  0  1  0  0  0  0    2.952255713057975e-01  
 6    2  0  0  1  0  0  0   -5.140088071842008e-01  
 6    1  0  0  0  1  0  0    8.198757763975153e-01  
 6    0  1  0  1  0  0  0    6.663077130165568e-01  
 6    1  1  1  0  0  0  0   -8.610745829752425e-01  
 7    7  0  0  0  0  0  0   -2.683868830052704e-02  
 7    1  3  0  0  0  0  0    3.543516802367254e-01  
 7    3  2  0  0  0  0  0   -6.419747973119896e-01  
 7    5  1  0  0  0  0  0    2.556065552431147e-01  
 7    1  0  2  0  0  0  0   -4.401047868540130e-01  
 7    4  0  1  0  0  0  0   -3.727595597295423e-01  
 7    0  2  1  0  0  0  0   -3.672371958816973e-01  
 7    3  0  0  1  0  0  0    5.178162798300099e-01  
 7    2  0  0  0  1  0  0   -6.185027786858450e-01  
 7    2  1  1  0  0  0  0    1.247501993228201e+00  
 7    1  0  0  0  0  1  0    5.024154589371980e-01  
 7    0  1  0  0  1  0  0    3.462763188163646e-01  
 7    0  0  1  1  0  0  0    3.079822317943195e-01  
 7    1  1  0  1  0  0  0   -9.391765859661945e-01  
 0 14 14 
 7    7  0  0  0  0  0  0   -6.978058958137030e-03  
 7    1  3  0  0  0  0  0    2.052018366461764e-01  
 7    3  2  0  0  0  0  0   -2.638309328307983e-01  
 7    5  1  0  0  0  0  0    8.141068784493198e-02  
 7    1  0  2  0  0  0  0   -3.830825144703189e-01  
 7    4  0  1  0  0  0  0   -1.492529277157087e-01  
 7    0  2  1  0  0  0  0   -3.385830304661910e-01  
 7    3  0  0  1  0  0  0    2.771840086148876e-01  
 7    2  0  0  0  1  0  0   -4.973913043478262e-01  
 7    2  1  1  0  0  0  0    6.965136626733073e-01  
 7    1  0  0  0  0  1  0    8.088888888888889e-01  
 7    0  1  0  0  1  0  0    6.447665056360710e-01  
 7    0  0  1  1  0  0  0    5.928657962040651e-01  
 7    1  1  0  1  0  0  0   -8.084533584600889e-01  
 2  0 19 
 2    1  0  0  0  0  0  0   -6.000000000000001e-01  
 3    2  0  0  0  0  0  0    3.428571428571430e-01  
 4    3  0  0  0  0  0  0   -1.337142857142857e+00  
 4    1  1  0  0  0  0  0    6.857142857142856e-01  
 5    4  0  0  0  0  0  0    1.076363636363636e+00  
 5    0  2  0  0  0  0  0    1.731601731601732e-01  
 5    2  1  0  0  0  0  0   -9.350649350649354e-01  
 6    5  0  0  0  0  0  0   -2.347806479235051e+00  
 6    1  2  0  0  0  0  0   -1.458141858141858e+00  
 6    3  1  0  0  0  0  0    2.994125874125874e+00  
 6    2  0  1  0  0  0  0   -5.394605394605395e-01  
 6    0  1  1  0  0  0  0    4.195804195804197e-01  
 7    6  0  0  0  0  0  0    2.309489367775082e+00  
 7    0  3  0  0  0  0  0   -1.998001998001998e-01  
 7    0  0  2  0  0  0  0    1.174825174825175e-01  
 7    2  2  0  0  0  0  0    2.759906759906760e+00  
 7    4  1  0  0  0  0  0   -4.315455972598829e+00  
 7    3  0  1  0  0  0  0    8.631368631368631e-01  
 7    1  1  1  0  0  0  0   -1.078921078921079e+00  
 2  2 24 
 1    0  0  0  0  0  0  0    1.000000000000000e+00  
 2    1  0  0  0  0  0  0   -8.571428571428572e-01  
 3    2  0  0  0  0  0  0    3.171428571428571e+00  
 3    0  1  0  0  0  0  0   -8.571428571428572e-01  
 4    3  0  0  0  0  0  0   -3.225974025974026e+00  
 4    1  1  0  0  0  0  0    1.870129870129870e+00  
 5    4  0  0  0  0  0  0    6.717151420008562e+00  
 5    0  2  0  0  0  0  0    1.524808524808525e+00  
 5    2  1  0  0  0  0  0   -6.628171828171827e+00  
 5    1  0  1  0  0  0  0    1.078921078921079e+00  
 6    5  0  0  0  0  0  0   -7.551865277579562e+00  
 6    1  2  0  0  0  0  0   -4.403596403596405e+00  
 6    3  1  0  0  0  0  0    1.119931497074353e+01  
 6    2  0  1  0  0  0  0   -2.157842157842158e+00  
 6    0  1  1  0  0  0  0    1.078921078921079e+00  
 7    6  0  0  0  0  0  0    1.226028801450650e+01  
 7    0  3  0  0  0  0  0   -1.627588098176334e+00  
 7    0  0  2  0  0  0  0    1.037844508432744e+00  
 7    2  2  0  0  0  0  0    1.554183743427441e+01  
 7    4  1  0  0  0  0  0   -2.344021020995811e+01  
 7    3  0  1  0  0  0  0    6.790856202620907e+00  
 7    2  0  0  1  0  0  0   -8.885232414644183e-01  
 7    1  1  1  0  0  0  0   -6.401245813010520e+00  
 7    0  1  0  1  0  0  0    6.910736322501030e-01  
 2  4 25 
 2    1  0  0  0  0  0  0   -1.542857142857143e+00  
 3    2  0  0  0  0  0  0    1.683116883116883e+00  
 3    0  1  0  0  0  0  0   -7.792207792207794e-01  
 4    3  0  0  0  0  0  0   -4.902617382617382e+00  
 4    1  1  0  0  0  0  0    4.289310689310690e+00  
 4    0  0  1  0  0  0  0   -9.440559440559442e-01  
 5    4  0  0  0  0  0  0    5.881250178393036e+00  
 5    0  2  0  0  0  0  0    1.078921078921079e+00  
 5    2  1  0  0  0  0  0   -8.019980019980022e+00  
 5    1  0  1  0  0  0  0    1.942057942057942e+00  
 6    5  0  0  0  0  0  0   -1.092301513612438e+01  
 6    1  2  0  0  0  0  0   -7.514650055826526e+00  
 6    3  1  0  0  0  0  0    1.941727784820222e+01  
 6    2  0  1  0  0  0  0   -6.705177175765410e+00  
 6    0  1  1  0  0  0  0    2.080272668507964e+00  
 6    1  0  0  1  0  0  0    1.243932538050185e+00  
 7    6  0  0  0  0  0  0    1.360426339869772e+01  
 7    0  3  0  0  0  0  0   -2.161223709211325e+00  
 7    0  0  2  0  0  0  0    6.762129511355517e-01  
 7    2  2  0  0  0  0  0    1.914831740572563e+01  
 7    4  1  0  0  0  0  0   -3.174016112149680e+01  
 7    3  0  1  0  0  0  0    1.160914627168497e+01  
 7    2  0  0  1  0  0  0   -2.384983437615017e+00  
 7    1  1  1  0  0  0  0   -8.549716537332639e+00  
 7    0  1  0  1  0  0  0    1.163913485894910e+00  
 2  6 26 
 3    2  0  0  0  0  0  0    1.402597402597403e+00  
 3    0  1  0  0  0  0  0   -1.363636363636364e+00  
 4    3  0  0  0  0  0  0   -1.870129870129870e+00  
 4    1  1  0  0  0  0  0    2.805194805194805e+00  
 4    0  0  1  0  0  0  0   -7.636363636363639e-01  
 5    4  0  0  0  0  0  0    5.115355233002290e+00  
 5    0  2  0  0  0  0  0    1.502419149477973e+00  
 5    2  1  0  0  0  0  0   -9.685255920550038e+00  
 5    1  0  1  0  0  0  0    4.196791443850269e+00  
 5    0  0  0  1  0  0  0   -9.882352941176471e-01  
 6    5  0  0  0  0  0  0   -6.913277081167396e+00  
 6    1  2  0  0  0  0  0   -6.174795276962459e+00  
 6    3  1  0  0  0  0  0    1.676876683687829e+01  
 6    2  0  1  0  0  0  0   -7.647538096578343e+00  
 6    0  1  1  0  0  0  0    1.953504081058261e+00  
 6    1  0  0  1  0  0  0    2.004840979453983e+00  
 7    6  0  0  0  0  0  0    1.249273221250223e+01  
 7    0  3  0  0  0  0  0   -2.851647836167960e+00  
 7    0  0  2  0  0  0  0    7.092597804672108e-01  
 7    2  2  0  0  0  0  0    2.216375162505193e+01  
 7    4  1  0  0  0  0  0   -3.535682406934064e+01  
 7    3  0  1  0  0  0  0    1.840245104740461e+01  
 7    2  0  0  1  0  0  0   -6.910486912468337e+00  
 7    0  1  0  1  0  0  0    2.108865747255840e+00  
 7    1  1  1  0  0  0  0   -1.175634272847895e+01  
 7    1  0  0  0  1  0  0    1.337461300309597e+00  
 2  8 25 
 4    3  0  0  0  0  0  0   -1.006993006993007e+00  
 4    0  0  1  0  0  0  0   -1.292307692307692e+00  
 4    1  1  0  0  0  0  0    2.349650349650350e+00  
 5    4  0  0  0  0  0  0    1.589988958410011e+00  
 5    0  2  0  0  0  0  0    1.099251625567415e+00  
 5    2  1  0  0  0  0  0   -4.504968715495031e+00  
 5    1  0  1  0  0  0  0    2.621715126978284e+00  
 5    0  0  0  1  0  0  0   -7.578947368421053e-01  
 6    5  0  0  0  0  0  0   -4.308870077291130e+00  
 6    1  2  0  0  0  0  0   -6.239725187093610e+00  
 6    3  1  0  0  0  0  0    1.369157158630843e+01  
 6    2  0  1  0  0  0  0   -9.036790577843213e+00  
 6    1  0  0  1  0  0  0    4.165644881434355e+00  
 6    0  1  1  0  0  0  0    2.757747515642254e+00  
 6    0  0  0  0  1  0  0   -1.015037593984963e+00  
 7    6  0  0  0  0  0  0    6.433826128105305e+00  
 7    0  3  0  0  0  0  0   -1.645036885311485e+00  
 7    0  0  2  0  0  0  0    8.199580739626507e-01  
 7    2  2  0  0  0  0  0    1.735951310322020e+01  
 7    4  1  0  0  0  0  0   -2.376278184058503e+01  
 7    3  0  1  0  0  0  0    1.540293226224576e+01  
 7    2  0  0  1  0  0  0   -7.535962801500559e+00  
 7    0  1  0  1  0  0  0    1.896530929025208e+00  
 7    1  1  1  0  0  0  0   -1.105387975868526e+01  
 7    1  0  0  0  1  0  0    2.047728015691404e+00  
 2 10 23 
 5    4  0  0  0  0  0  0    6.313191452510338e-01  
 5    0  2  0  0  0  0  0    9.547727813981685e-01  
 5    2  1  0  0  0  0  0   -2.455130009309576e+00  
 5    0  0  0  1  0  0  0   -1.253869969040248e+00  
 5    1  0  1  0  0  0  0    2.160514408192428e+00  
 6    5  0  0  0  0  0  0   -1.152843656545366e+00  
 6    1  2  0  0  0  0  0   -3.498856776552294e+00  
 6    3  1  0  0  0  0  0    5.001755546916401e+00  
 6    2  0  1  0  0  0  0   -4.098999667716856e+00  
 6    1  0  0  1  0  0  0    2.529546372324674e+00  
 6    0  1  1  0  0  0  0    1.987825070339541e+00  
 6    0  0  0  0  1  0  0   -7.551487414187643e-01  
 7    6  0  0  0  0  0  0    3.164940118435878e+00  
 7    0  3  0  0  0  0  0   -1.431170794476758e+00  
 7    0  0  2  0  0  0  0    1.223636796639893e+00  
 7    2  2  0  0  0  0  0    1.344238746850135e+01  
 7    4  1  0  0  0  0  0   -1.465819360340830e+01  
 7    3  0  1  0  0  0  0    1.243875607499245e+01  
 7    2  0  0  1  0  0  0   -8.717541443614937e+00  
 7    1  0  0  0  1  0  0    4.151234351864315e+00  
 7    0  1  0  1  0  0  0    2.644356316721373e+00  
 7    1  1  1  0  0  0  0   -1.123002559427381e+01  
 7    0  0  0  0  0  1  0   -1.033043478260870e+00  
 2 12 18 
 6    5  0  0  0  0  0  0   -3.623222920571150e-01  
 6    1  2  0  0  0  0  0   -1.956987688580097e+00  
 6    3  1  0  0  0  0  0    2.012901622539528e+00  
 6    2  0  1  0  0  0  0   -2.214191784793481e+00  
 6    0  0  0  0  1  0  0   -1.229813664596273e+00  
 6    1  0  0  1  0  0  0    2.056035228736804e+00  
 6    0  1  1  0  0  0  0    1.722149165950485e+00  
 7    6  0  0  0  0  0  0    7.514832724147571e-01  
 7    0  3  0  0  0  0  0   -8.858792005918135e-01  
 7    0  0  2  0  0  0  0    8.802095737080262e-01  
 7    2  2  0  0  0  0  0    5.777773175807906e+00  
 7    4  1  0  0  0  0  0   -4.473114716754507e+00  
 7    3  0  1  0  0  0  0    4.473114716754507e+00  
 7    2  0  0  1  0  0  0   -3.883622098725073e+00  
 7    1  0  0  0  1  0  0    2.474011114743380e+00  
 7    0  1  0  1  0  0  0    1.878353171932388e+00  
 7    1  1  1  0  0  0  0   -6.237509966141007e+00  
 7    0  0  0  0  0  1  0   -7.536231884057972e-01  
 2 14 11 
 7    6  0  0  0  0  0  0    1.953856508278368e-01  
 7    0  3  0  0  0  0  0   -5.130045916154410e-01  
 7    0  0  2  0  0  0  0    7.661650289406381e-01  
 7    2  2  0  0  0  0  0    2.374478395477183e+00  
 7    4  1  0  0  0  0  0   -1.424687037286310e+00  
 7    3  0  1  0  0  0  0    1.791035132588505e+00  
 7    2  0  0  1  0  0  0   -2.078880064611657e+00  
 7    0  0  0  0  0  1  0   -1.213333333333333e+00  
 7    1  0  0  0  1  0  0    1.989565217391304e+00  
 7    0  1  0  1  0  0  0    1.616906716920178e+00  
 7    1  1  1  0  0  0  0   -3.482568313366536e+00  
 4  0 13 
 4    2  0  0  0  0  0  0    8.571428571428572e-01  
 4    0  1  0  0  0  0  0   -5.555555555555555e-01  
 5    3  0  0  0  0  0  0   -1.090909090909091e+00  
 5    1  1  0  0  0  0  0    8.658008658008660e-01  
 6    4  0  0  0  0  0  0    4.053146853146854e+00  
 6    0  2  0  0  0  0  0    2.697302697302699e-01  
 6    2  1  0  0  0  0  0   -4.836829836829837e+00  
 6    1  0  1  0  0  0  0    1.048951048951049e+00  
 7    5  0  0  0  0  0  0   -5.659140859140858e+00  
 7    1  2  0  0  0  0  0   -2.097902097902098e+00  
 7    3  1  0  0  0  0  0    8.819180819180822e+00  
 7    2  0  1  0  0  0  0   -1.888111888111888e+00  
 7    0  1  1  0  0  0  0    4.662004662004662e-01  
 4  2 16 
 3    1  0  0  0  0  0  0   -1.428571428571429e+00  
 4    2  0  0  0  0  0  0    2.337662337662338e+00  
 4    0  1  0  0  0  0  0   -7.215007215007215e-01  
 5    3  0  0  0  0  0  0   -8.847152847152847e+00  
 5    1  1  0  0  0  0  0    5.957375957375955e+00  
 5    0  0  1  0  0  0  0   -8.741258741258738e-01  
 6    4  0  0  0  0  0  0    1.429827315541601e+01  
 6    0  2  0  0  0  0  0    1.498501498501499e+00  
 6    2  1  0  0  0  0  0   -1.524808524808526e+01  
 6    1  0  1  0  0  0  0    2.697302697302697e+00  
 7    5  0  0  0  0  0  0   -3.251480284421461e+01  
 7    1  2  0  0  0  0  0   -1.423086717204363e+01  
 7    3  1  0  0  0  0  0    4.805693466197668e+01  
 7    2  0  1  0  0  0  0   -1.261826408885232e+01  
 7    0  1  1  0  0  0  0    2.889267595149948e+00  
 7    1  0  0  1  0  0  0    1.727684080625257e+00  
 4  4 18 
 2    0  0  0  0  0  0  0    1.000000000000000e+00  
 3    1  0  0  0  0  0  0   -1.298701298701299e+00  
 4    2  0  0  0  0  0  0    6.361638361638362e+00  
 4    0  1  0  0  0  0  0   -8.091908091908092e-01  
 5    3  0  0  0  0  0  0   -1.009257409257409e+01  
 5    1  1  0  0  0  0  0    5.394605394605395e+00  
 5    0  0  1  0  0  0  0   -6.993006993006993e-01  
 6    4  0  0  0  0  0  0    2.608785836012727e+01  
 6    0  2  0  0  0  0  0    4.752241222829458e+00  
 6    2  1  0  0  0  0  0   -2.458658988070752e+01  
 6    1  0  1  0  0  0  0    5.200681671269907e+00  
 6    0  0  0  1  0  0  0   -1.007815713698067e+00  
 7    5  0  0  0  0  0  0   -4.216097009285865e+01  
 7    1  2  0  0  0  0  0   -1.977798603185600e+01  
 7    3  1  0  0  0  0  0    6.142973346865428e+01  
 7    2  0  1  0  0  0  0   -1.580116477949295e+01  
 7    0  1  1  0  0  0  0    3.791255184444038e+00  
 7    1  0  0  1  0  0  0    2.909783714737275e+00  
 4  6 18 
 3    1  0  0  0  0  0  0   -2.272727272727274e+00  
 4    2  0  0  0  0  0  0    3.506493506493507e+00  
 4    0  1  0  0  0  0  0   -1.010101010101010e+00  
 5    3  0  0  0  0  0  0   -1.275401069518717e+01  
 5    1  1  0  0  0  0  0    7.512095747389865e+00  
 5    0  0  1  0  0  0  0   -7.486631016042782e-01  
 6    4  0  0  0  0  0  0    2.106139680752684e+01  
 6    0  2  0  0  0  0  0    2.738128744320695e+00  
 6    2  1  0  0  0  0  0   -2.282390468148983e+01  
 6    1  0  1  0  0  0  0    4.883760202645652e+00  
 6    0  0  0  1  0  0  0   -7.092597804672108e-01  
 7    5  0  0  0  0  0  0   -4.768360741425757e+01  
 7    1  2  0  0  0  0  0   -2.509381743127874e+01  
 7    3  1  0  0  0  0  0    7.244742873225846e+01  
 7    2  0  1  0  0  0  0   -2.147199549676331e+01  
 7    0  1  1  0  0  0  0    6.969696969696970e+00  
 7    1  0  0  1  0  0  0    5.272164368139601e+00  
 7    0  0  0  0  1  0  0   -1.083591331269350e+00  
 4  8 17 
 4    2  0  0  0  0  0  0    2.937062937062937e+00  
 4    0  1  0  0  0  0  0   -1.903651903651904e+00  
 5    3  0  0  0  0  0  0   -5.255796834744203e+00  
 5    1  1  0  0  0  0  0    5.496258127837076e+00  
 5    0  0  1  0  0  0  0   -9.274935590725065e-01  
 6    4  0  0  0  0  0  0    1.734412955465587e+01  
 6    0  2  0  0  0  0  0    2.318733897681266e+00  
 6    2  1  0  0  0  0  0   -2.412342043920991e+01  
 6    1  0  1  0  0  0  0    6.894368789105632e+00  
 6    0  0  0  1  0  0  0   -7.287449392712553e-01  
 7    5  0  0  0  0  0  0   -3.031438127090301e+01  
 7    1  2  0  0  0  0  0   -1.727288729577059e+01  
 7    3  1  0  0  0  0  0    5.806468131410924e+01  
 7    2  0  1  0  0  0  0   -2.045728184858620e+01  
 7    0  1  1  0  0  0  0    4.752471022493906e+00  
 7    1  0  0  1  0  0  0    4.741327322563023e+00  
 7    0  0  0  0  1  0  0   -7.191892775416804e-01  
 4 10 15 
 5    3  0  0  0  0  0  0   -2.864318344194505e+00  
 5    0  0  1  0  0  0  0   -1.750416765896642e+00  
 5    1  1  0  0  0  0  0    4.773863906990843e+00  
 6    4  0  0  0  0  0  0    5.835381471402470e+00  
 6    0  2  0  0  0  0  0    2.075593003039497e+00  
 6    2  1  0  0  0  0  0   -1.224599871793303e+01  
 6    1  0  1  0  0  0  0    4.969562675848851e+00  
 6    0  0  0  1  0  0  0   -8.884102840220758e-01  
 7    5  0  0  0  0  0  0   -1.863735446139538e+01  
 7    1  2  0  0  0  0  0   -1.502729334200595e+01  
 7    3  1  0  0  0  0  0    4.553376627410817e+01  
 7    2  0  1  0  0  0  0   -2.175304490905514e+01  
 7    1  0  0  1  0  0  0    6.610890791803431e+00  
 7    0  1  1  0  0  0  0    4.072906498535788e+00  
 7    0  0  0  0  1  0  0   -7.196123300578813e-01  
 4 12 12 
 6    4  0  0  0  0  0  0    2.348385226296116e+00  
 6    0  2  0  0  0  0  0    1.902626919452872e+00  
 6    2  1  0  0  0  0  0   -6.849456910030338e+00  
 6    0  0  0  1  0  0  0   -1.665769282541392e+00  
 6    1  0  1  0  0  0  0    4.305372914876211e+00  
 7    5  0  0  0  0  0  0   -5.367737660105407e+00  
 7    1  2  0  0  0  0  0   -9.301731606214039e+00  
 7    3  1  0  0  0  0  0    1.797529432473570e+01  
 7    2  0  1  0  0  0  0   -1.091564244074675e+01  
 7    1  0  0  1  0  0  0    4.695882929830970e+00  
 7    0  1  1  0  0  0  0    3.672371958816973e+00  
 7    0  0  0  0  1  0  0   -8.656907970409118e-01  
 4 14  7 
 7    5  0  0  0  0  0  0   -1.709624444743572e+00  
 7    1  2  0  0  0  0  0   -5.386548211962131e+00  
 7    3  1  0  0  0  0  0    7.387266119262351e+00  
 7    2  0  1  0  0  0  0   -6.094494548391437e+00  
 7    0  0  0  0  1  0  0   -1.611916264090177e+00  
 7    1  0  0  1  0  0  0    4.042266792300446e+00  
 7    0  1  1  0  0  0  0    3.385830304661911e+00  
 6  0  7 
 6    3  0  0  0  0  0  0   -1.510489510489510e+00  
 6    0  0  1  0  0  0  0   -5.384615384615384e-01  
 6    1  1  0  0  0  0  0    1.958041958041958e+00  
 7    4  0  0  0  0  0  0    3.020979020979021e+00  
 7    0  2  0  0  0  0  0    4.351204351204351e-01  
 7    2  1  0  0  0  0  0   -4.531468531468533e+00  
 7    1  0  1  0  0  0  0    1.096503496503497e+00  
 6  2 10 
 5    2  0  0  0  0  0  0    2.517482517482518e+00  
 5    0  1  0  0  0  0  0   -1.223776223776224e+00  
 6    3  0  0  0  0  0  0   -6.041958041958042e+00  
 6    1  1  0  0  0  0  0    5.034965034965035e+00  
 6    0  0  1  0  0  0  0   -6.853146853146852e-01  
 7    4  0  0  0  0  0  0    2.452324146441794e+01  
 7    0  2  0  0  0  0  0    2.696649755473284e+00  
 7    2  1  0  0  0  0  0   -2.972439325380502e+01  
 7    1  0  1  0  0  0  0    7.532702591526122e+00  
 7    0  0  0  1  0  0  0   -8.868778280542986e-01  
 6  4 11 
 4    1  0  0  0  0  0  0   -2.202797202797204e+00  
 5    2  0  0  0  0  0  0    4.531468531468533e+00  
 5    0  1  0  0  0  0  0   -9.790209790209792e-01  
 6    3  0  0  0  0  0  0   -2.018428630193336e+01  
 6    1  1  0  0  0  0  0    9.707939119703825e+00  
 6    0  0  1  0  0  0  0   -7.256273138626080e-01  
 7    4  0  0  0  0  0  0    4.190753642642188e+01  
 7    0  2  0  0  0  0  0    3.538504838814437e+00  
 7    2  1  0  0  0  0  0   -3.747524302323065e+01  
 7    1  0  1  0  0  0  0    6.311320877265149e+00  
 7    0  0  0  1  0  0  0   -6.874364026066813e-01  
 6  6 12 
 3    0  0  0  0  0  0  0    1.000000000000000e+00  
 4    1  0  0  0  0  0  0   -1.781818181818182e+00  
 5    2  0  0  0  0  0  0    1.119251336898396e+01  
 5    0  1  0  0  0  0  0   -1.048128342245989e+00  
 6    3  0  0  0  0  0  0   -2.242013697344967e+01  
 6    1  1  0  0  0  0  0    9.116352378271880e+00  
 6    0  0  1  0  0  0  0   -7.880664227413452e-01  
 7    4  0  0  0  0  0  0    6.839845388873253e+01  
 7    0  2  0  0  0  0  0    7.282828282828283e+00  
 7    2  1  0  0  0  0  0   -5.065364480720518e+01  
 7    1  0  1  0  0  0  0    6.619757951027300e+00  
 7    0  0  0  1  0  0  0   -6.895581198986771e-01  
 6  8 11 
 4    1  0  0  0  0  0  0   -3.015384615384615e+00  
 5    2  0  0  0  0  0  0    6.117335296282665e+00  
 5    0  1  0  0  0  0  0   -1.298490982701509e+00  
 6    3  0  0  0  0  0  0   -2.723285977180714e+01  
 6    1  1  0  0  0  0  0    1.286948840633051e+01  
 6    0  0  1  0  0  0  0   -9.017298490982700e-01  
 7    4  0  0  0  0  0  0    5.563059171187318e+01  
 7    0  2  0  0  0  0  0    4.435639620994313e+00  
 7    2  1  0  0  0  0  0   -4.850388055880047e+01  
 7    1  0  1  0  0  0  0    7.652942023651406e+00  
 7    0  0  0  1  0  0  0   -7.393064601302588e-01  
 6 10 10 
 5    2  0  0  0  0  0  0    5.041200285782331e+00  
 5    0  1  0  0  0  0  0   -2.450583472255299e+00  
 6    3  0  0  0  0  0  0   -1.147719906960720e+01  
 6    1  1  0  0  0  0  0    9.276516994917856e+00  
 6    0  0  1  0  0  0  0   -1.150708760885097e+00  
 7    4  0  0  0  0  0  0    4.504800634820826e+01  
 7    0  2  0  0  0  0  0    3.801379398633403e+00  
 7    2  1  0  0  0  0  0   -5.108704105155849e+01  
 7    1  0  1  0  0  0  0    1.142061010197233e+01  
 7    0  0  0  1  0  0  0   -8.438530913157378e-01  
 6 12  8 
 6    3  0  0  0  0  0  0   -6.199736997421747e+00  
 6    0  0  1  0  0  0  0   -2.210091429636456e+00  
 6    1  1  0  0  0  0  0    8.036696107768934e+00  
 7    4  0  0  0  0  0  0    1.565590150864077e+01  
 7    0  2  0  0  0  0  0    3.427547161562507e+00  
 7    2  1  0  0  0  0  0   -2.619754185779222e+01  
 7    1  0  1  0  0  0  0    8.215289354608243e+00  
 7    0  0  0  1  0  0  0   -1.077937811280119e+00  
 6 14  5 
 7    4  0  0  0  0  0  0    6.268622964059767e+00  
 7    0  2  0  0  0  0  0    3.160108284351117e+00  
 7    2  1  0  0  0  0  0   -1.462678691613945e+01  
 7    0  0  0  1  0  0  0   -2.075030286714228e+00  
 7    1  0  1  0  0  0  0    7.150873603445954e+00  
 8  0  0 
 8  2  3 
 7    3  0  0  0  0  0  0   -4.886877828054298e+00  
 7    0  0  1  0  0  0  0   -1.140271493212670e+00  
 7    1  1  0  0  0  0  0    5.183052241875770e+00  
 8  4  5 
 6    2  0  0  0  0  0  0    4.664747017688193e+00  
 6    0  1  0  0  0  0  0   -1.814068284656520e+00  
 7    3  0  0  0  0  0  0   -1.311740890688259e+01  
 7    1  1  0  0  0  0  0    8.729351144211821e+00  
 7    0  0  1  0  0  0  0   -8.838468033514473e-01  
 8  6  6 
 5    1  0  0  0  0  0  0   -2.964705882352941e+00  
 6    2  0  0  0  0  0  0    7.518153672952435e+00  
 6    0  1  0  0  0  0  0   -1.276667604840980e+00  
 7    3  0  0  0  0  0  0   -3.958885448916408e+01  
 7    1  1  0  0  0  0  0    1.581649310441880e+01  
 7    0  0  1  0  0  0  0   -8.865747255840140e-01  
 8  8  7 
 4    0  0  0  0  0  0  0    1.000000000000000e+00  
 5    1  0  0  0  0  0  0   -2.273684210526317e+00  
 6    2  0  0  0  0  0  0    1.742116830537883e+01  
 6    0  1  0  0  0  0  0   -1.311740890688259e+00  
 7    3  0  0  0  0  0  0   -4.248899841577187e+01  
 7    1  1  0  0  0  0  0    1.422398196768906e+01  
 7    0  0  1  0  0  0  0   -9.505368773103327e-01  
 8 10  6 
 5    1  0  0  0  0  0  0   -3.761609907120743e+00  
 6    2  0  0  0  0  0  0    9.485798896217526e+00  
 6    0  1  0  0  0  0  0   -1.599138511239736e+00  
 7    3  0  0  0  0  0  0   -4.995266989034658e+01  
 7    1  1  0  0  0  0  0    1.983267237541029e+01  
 7    0  0  1  0  0  0  0   -1.084953974548806e+00  
 8 12  5 
 6    2  0  0  0  0  0  0    7.710132107763012e+00  
 6    0  1  0  0  0  0  0   -2.998384708574505e+00  
 7    3  0  0  0  0  0  0   -2.135992154298791e+01  
 7    1  1  0  0  0  0  0    1.408764878949291e+01  
 7    0  0  1  0  0  0  0   -1.385920043074438e+00  
 8 14  3 
 7    3  0  0  0  0  0  0   -1.143384035536411e+01  
 7    0  0  1  0  0  0  0   -2.667896082918293e+00  
 7    1  1  0  0  0  0  0    1.212680037690133e+01  
10  0  0 
10  2  0 
10  4  0 
10  6  2 
 7    2  0  0  0  0  0  0    7.356037151702786e+00  
 7    0  1  0  0  0  0  0   -2.383900928792571e+00  
10  8  3 
 6    1  0  0  0  0  0  0   -3.721804511278195e+00  
 7    2  0  0  0  0  0  0    1.126250408630271e+01  
 7    0  1  0  0  0  0  0   -1.582216410591697e+00  
10 10  4 
 5    0  0  0  0  0  0  0    1.000000000000000e+00  
 6    1  0  0  0  0  0  0   -2.768878718535469e+00  
 7    2  0  0  0  0  0  0    2.503178893525374e+01  
 7    0  1  0  0  0  0  0   -1.583147126127339e+00  
10 12  3 
 6    1  0  0  0  0  0  0   -4.509316770186335e+00  
 7    2  0  0  0  0  0  0    1.360706113108859e+01  
 7    0  1  0  0  0  0  0   -1.904519753490005e+00  
10 14  2 
 7    2  0  0  0  0  0  0    1.094260869565217e+01  
 7    0  1  0  0  0  0  0   -3.546215780998390e+00  
12  0  0 
12  2  0 
12  4  0 
12  6  0 
12  8  0 
12 10  1 
 7    1  0  0  0  0  0  0   -4.476521739130436e+00  
12 12  2 
 6    0  0  0  0  0  0  0    1.000000000000000e+00  
 7    1  0  0  0  0  0  0   -3.265700483091787e+00  
12 14  1 
 7    1  0  0  0  0  0  0   -5.257777777777777e+00  
14  0  0 
14  2  0 
14  4  0 
14  6  0 
14  8  0 
14 10  0 
14 12  0 
14 14  1 
 7    0  0  0  0  0  0  0    1.000000000000000e+00  
