# max order O=7 , coefficients in front of the Sn in the Ak, or in fn, fnp, or in m-Term in Ak 
# n in Sn, Snp, fn, or fnp, otherwise 0; k in Ak and m - Terms otherwise 0; summands in the coeffs sorted by order 
# s2_to_i2, s4_to_i2,...sO_to_iO, one double value 
7
 0  0  2 
 0    0  0  0  0  0  0  0    1.000000000000000e+00  
 5    5  0  0  0  0  0  0   -1.142857142857143e-02  
 2  0 30 
 1    1  0  0  0  0  0  0    6.000000000000001e-01  
 2    2  0  0  0  0  0  0    3.428571428571430e-01  
 3    3  0  0  0  0  0  0    3.428571428571429e-02  
 3    1  1  0  0  0  0  0    6.857142857142856e-01  
 4    4  0  0  0  0  0  0   -9.558441558441561e-02  
 4    0  2  0  0  0  0  0    1.731601731601732e-01  
 4    2  1  0  0  0  0  0    5.610389610389610e-01  
 5    5  0  0  0  0  0  0   -4.953789068074782e-02  
 5    1  2  0  0  0  0  0    4.482184482184482e-01  
 5    3  1  0  0  0  0  0   -5.946053946053947e-02  
 5    2  0  1  0  0  0  0    3.236763236763237e-01  
 5    0  1  1  0  0  0  0    4.195804195804197e-01  
 6    6  0  0  0  0  0  0   -4.749536178107607e-04  
 6    0  3  0  0  0  0  0    1.198801198801199e-01  
 6    0  0  2  0  0  0  0    1.174825174825175e-01  
 6    2  2  0  0  0  0  0    2.056610056610057e-01  
 6    4  1  0  0  0  0  0   -2.264706721849580e-01  
 6    3  0  1  0  0  0  0    1.726273726273727e-01  
 6    1  1  1  0  0  0  0    6.473526473526473e-01  
 7    7  0  0  0  0  0  0    5.238342609771182e-03  
 7    1  3  0  0  0  0  0    6.055121349238995e-02  
 7    3  2  0  0  0  0  0   -2.247036996616829e-01  
 7    5  1  0  0  0  0  0   -4.082774368488654e-02  
 7    1  0  2  0  0  0  0    2.996297819827232e-01  
 7    4  0  1  0  0  0  0   -7.235117823353117e-02  
 7    0  2  1  0  0  0  0    3.467121114179939e-01  
 7    3  0  0  1  0  0  0    7.108185931715343e-02  
 7    2  1  1  0  0  0  0    3.737439031556680e-01  
 7    0  0  1  1  0  0  0    3.040723981900453e-01  
 7    1  1  0  1  0  0  0    4.146441793500619e-01  
 4  0 33 
 2    2  0  0  0  0  0  0    5.142857142857141e-01  
 2    0  1  0  0  0  0  0    3.333333333333333e-01  
 3    3  0  0  0  0  0  0    4.675324675324676e-01  
 3    1  1  0  0  0  0  0    5.194805194805194e-01  
 4    4  0  0  0  0  0  0    9.710289710289711e-02  
 4    0  2  0  0  0  0  0    1.618381618381618e-01  
 4    2  1  0  0  0  0  0    1.387212787212787e+00  
 4    1  0  1  0  0  0  0    6.293706293706295e-01  
 5    5  0  0  0  0  0  0   -1.352932781504210e-01  
 5    1  2  0  0  0  0  0    8.991008991008993e-01  
 5    3  1  0  0  0  0  0    1.086113886113886e+00  
 5    2  0  1  0  0  0  0    8.091908091908092e-01  
 5    0  1  1  0  0  0  0    2.797202797202797e-01  
 6    6  0  0  0  0  0  0   -1.004837179627096e-01  
 6    0  3  0  0  0  0  0    2.440761852526559e-01  
 6    0  0  2  0  0  0  0    1.036610448375154e-01  
 6    2  2  0  0  0  0  0    1.714473761532585e+00  
 6    4  1  0  0  0  0  0   -1.311842219405245e-01  
 6    3  0  1  0  0  0  0    6.928365751895166e-01  
 6    2  0  0  1  0  0  0    5.183052241875771e-01  
 6    0  1  0  1  0  0  0    4.031262854792268e-01  
 6    1  1  1  0  0  0  0    1.733560557089969e+00  
 7    7  0  0  0  0  0  0   -6.085307880973516e-03  
 7    1  3  0  0  0  0  0    8.636152289403065e-01  
 7    3  2  0  0  0  0  0    7.782734735410544e-01  
 7    5  1  0  0  0  0  0   -5.520843538004087e-01  
 7    1  0  2  0  0  0  0    5.635107926129597e-01  
 7    4  0  1  0  0  0  0    1.042919928368845e-01  
 7    0  2  1  0  0  0  0    6.318758640740065e-01  
 7    3  0  0  1  0  0  0    5.299963194700039e-01  
 7    2  1  1  0  0  0  0    2.570185232723933e+00  
 7    0  0  1  1  0  0  0    1.964104007447661e-01  
 7    1  1  0  1  0  0  0    9.699279049124252e-01  
 6  0 35 
 3    3  0  0  0  0  0  0    5.034965034965035e-01  
 3    0  0  1  0  0  0  0    2.307692307692308e-01  
 3    1  1  0  0  0  0  0    8.391608391608394e-01  
 4    4  0  0  0  0  0  0    6.041958041958042e-01  
 4    0  2  0  0  0  0  0    1.864801864801865e-01  
 4    2  1  0  0  0  0  0    1.510489510489510e+00  
 4    1  0  1  0  0  0  0    4.699300699300699e-01  
 5    5  0  0  0  0  0  0    1.954751131221719e-01  
 5    1  2  0  0  0  0  0    1.617989853283971e+00  
 5    3  1  0  0  0  0  0    2.527354997943233e+00  
 5    2  0  1  0  0  0  0    1.890580008227067e+00  
 5    1  0  0  1  0  0  0    6.081447963800906e-01  
 5    0  1  1  0  0  0  0    2.764294529000412e-01  
 6    6  0  0  0  0  0  0   -1.691534471720230e-01  
 6    0  3  0  0  0  0  0    3.931672043127151e-01  
 6    0  0  2  0  0  0  0    1.039208469549027e-01  
 6    2  2  0  0  0  0  0    3.728795456349637e+00  
 6    4  1  0  0  0  0  0    1.862919742795904e+00  
 6    3  0  1  0  0  0  0    2.338096330913667e+00  
 6    2  0  0  1  0  0  0    1.079529758167529e+00  
 6    0  1  0  1  0  0  0    2.618805343263548e-01  
 6    1  1  1  0  0  0  0    2.103773625755050e+00  
 7    7  0  0  0  0  0  0   -1.753886979893172e-01  
 7    1  3  0  0  0  0  0    2.249308998535005e+00  
 7    3  2  0  0  0  0  0    4.611275893009640e+00  
 7    5  1  0  0  0  0  0   -2.451789696371740e-01  
 7    1  0  2  0  0  0  0    7.638182251185346e-01  
 7    4  0  1  0  0  0  0    1.324296261014527e+00  
 7    0  2  1  0  0  0  0    1.296037296037296e+00  
 7    3  0  0  1  0  0  0    1.784861330619845e+00  
 7    2  0  0  0  1  0  0    7.201714693974757e-01  
 7    2  1  1  0  0  0  0    7.103910331154911e+00  
 7    0  1  0  0  1  0  0    4.000952607763752e-01  
 7    0  0  1  1  0  0  0    1.818614821710798e-01  
 7    1  1  0  1  0  0  0    2.271086189352443e+00  
 8  0 34 
 4    4  0  0  0  0  0  0    5.331139448786507e-01  
 4    0  2  0  0  0  0  0    3.359385712326889e-01  
 4    2  1  0  0  0  0  0    1.554915672562731e+00  
 4    0  0  0  1  0  0  0    1.764705882352941e-01  
 4    1  0  1  0  0  0  0    7.601809954751132e-01  
 5    5  0  0  0  0  0  0    7.856416029790643e-01  
 5    1  2  0  0  0  0  0    1.454891857368638e+00  
 5    3  1  0  0  0  0  0    3.179977916820022e+00  
 5    2  0  1  0  0  0  0    1.734958539912100e+00  
 5    1  0  0  1  0  0  0    4.458204334365326e-01  
 5    0  1  1  0  0  0  0    3.273506679079434e-01  
 6    6  0  0  0  0  0  0    3.479269956050142e-01  
 6    0  3  0  0  0  0  0    4.091883348849292e-01  
 6    0  0  2  0  0  0  0    1.136634263569248e-01  
 6    2  2  0  0  0  0  0    6.002078416939097e+00  
 6    4  1  0  0  0  0  0    4.517439217129620e+00  
 6    3  0  1  0  0  0  0    4.280811448613306e+00  
 6    2  0  0  1  0  0  0    2.403735583302147e+00  
 6    1  0  0  0  1  0  0    5.970809376382132e-01  
 6    0  1  0  1  0  0  0    2.572040962133840e-01  
 6    1  1  1  0  0  0  0    3.649959947173569e+00  
 7    7  0  0  0  0  0  0   -1.964917301032525e-01  
 7    1  3  0  0  0  0  0    3.483607521836086e+00  
 7    3  2  0  0  0  0  0    1.100538712868771e+01  
 7    5  1  0  0  0  0  0    3.180520112543265e+00  
 7    1  0  2  0  0  0  0    1.085238627303508e+00  
 7    4  0  1  0  0  0  0    5.048845245480055e+00  
 7    0  2  1  0  0  0  0    1.258007035366034e+00  
 7    3  0  0  1  0  0  0    4.055425312337412e+00  
 7    2  0  0  0  1  0  0    1.355114128031075e+00  
 7    2  1  1  0  0  0  0    1.111487677755009e+01  
 7    0  1  0  0  1  0  0    2.538315097205930e-01  
 7    0  0  1  1  0  0  0    1.863797798647711e-01  
 7    1  1  0  1  0  0  0    2.510114464886305e+00  
10  0 31 
 5    5  0  0  0  0  0  0    5.952437655224033e-01  
 5    1  2  0  0  0  0  0    1.500357227911407e+00  
 5    3  1  0  0  0  0  0    2.572040962133840e+00  
 5    2  0  1  0  0  0  0    1.697547035008335e+00  
 5    0  0  0  0  1  0  0    1.428571428571428e-01  
 5    1  0  0  1  0  0  0    7.164971251658556e-01  
 5    0  1  1  0  0  0  0    6.001428911645631e-01  
 6    6  0  0  0  0  0  0    1.035206548734614e+00  
 6    0  3  0  0  0  0  0    4.348861530177992e-01  
 6    0  0  2  0  0  0  0    1.409031135777670e-01  
 6    2  2  0  0  0  0  0    5.498203506010748e+00  
 6    4  1  0  0  0  0  0    5.894926180294332e+00  
 6    3  0  1  0  0  0  0    4.294190128084328e+00  
 6    2  0  0  1  0  0  0    1.987500721112244e+00  
 6    1  0  0  0  1  0  0    4.315135665250081e-01  
 6    0  1  0  1  0  0  0    3.045978116647117e-01  
 6    1  1  1  0  0  0  0    3.123725110533564e+00  
 7    7  0  0  0  0  0  0    5.838564934863226e-01  
 7    1  3  0  0  0  0  0    4.497965354069810e+00  
 7    3  2  0  0  0  0  0    1.662268005248218e+01  
 7    5  1  0  0  0  0  0    7.990644326732630e+00  
 7    1  0  2  0  0  0  0    1.922857823291260e+00  
 7    4  0  1  0  0  0  0    8.718547894426210e+00  
 7    0  2  1  0  0  0  0    1.280056328111248e+00  
 7    3  0  0  1  0  0  0    6.505506339131323e+00  
 7    2  0  0  0  1  0  0    2.918826990750534e+00  
 7    2  1  1  0  0  0  0    1.632686871615395e+01  
 7    1  0  0  0  0  1  0    5.903105590062112e-01  
 7    0  1  0  0  1  0  0    2.467242274484164e-01  
 7    0  0  1  1  0  0  0    2.066578999140582e-01  
 7    1  1  0  1  0  0  0    4.155417069133585e+00  
12  0 25 
 6    6  0  0  0  0  0  0    6.908278368555661e-01  
 6    0  3  0  0  0  0  0    4.617041324538969e-01  
 6    0  0  2  0  0  0  0    2.652109715563747e-01  
 6    2  2  0  0  0  0  0    4.274061111858932e+00  
 6    4  1  0  0  0  0  0    4.029829048324136e+00  
 6    3  0  1  0  0  0  0    3.223863238659308e+00  
 6    2  0  0  1  0  0  0    1.870992058150491e+00  
 6    0  0  0  0  0  1  0    1.200000000000000e-01  
 6    1  0  0  0  1  0  0    6.886956521739130e-01  
 6    0  1  0  1  0  0  0    5.596984789339077e-01  
 6    1  1  1  0  0  0  0    3.134311482029883e+00  
 7    7  0  0  0  0  0  0    1.381655673711132e+00  
 7    1  3  0  0  0  0  0    3.869520348185040e+00  
 7    3  2  0  0  0  0  0    1.542280253062323e+01  
 7    5  1  0  0  0  0  0    1.023448647193431e+01  
 7    1  0  2  0  0  0  0    1.601981424148607e+00  
 7    4  0  1  0  0  0  0    8.955175662942523e+00  
 7    0  2  1  0  0  0  0    1.336743393009378e+00  
 7    3  0  0  1  0  0  0    5.654553775743707e+00  
 7    2  0  0  0  1  0  0    2.251350114416476e+00  
 7    2  1  1  0  0  0  0    1.362272176605196e+01  
 7    1  0  0  0  0  1  0    4.220289855072465e-01  
 7    0  1  0  0  1  0  0    2.908721078057463e-01  
 7    0  0  1  1  0  0  0    2.587050747072285e-01  
 7    1  1  0  1  0  0  0    3.418602772916947e+00  
14  0 15 
 7    7  0  0  0  0  0  0    8.258171842871130e-01  
 7    1  3  0  0  0  0  0    2.971888668668762e+00  
 7    3  2  0  0  0  0  0    9.934599263835572e+00  
 7    5  1  0  0  0  0  0    6.131066974252811e+00  
 7    1  0  2  0  0  0  0    1.585169025394424e+00  
 7    4  0  1  0  0  0  0    5.620144726398409e+00  
 7    0  2  1  0  0  0  0    1.401033229515273e+00  
 7    3  0  0  1  0  0  0    4.014389090284579e+00  
 7    2  0  0  0  1  0  0    2.058170914542729e+00  
 7    2  1  1  0  0  0  0    1.008743925250997e+01  
 7    0  0  0  0  0  0  1    1.034482758620690e-01  
 7    1  0  0  0  0  1  0    6.694252873563218e-01  
 7    0  1  0  0  1  0  0    5.335998667333001e-01  
 7    0  0  1  1  0  0  0    4.906475554792263e-01  
 7    1  1  0  1  0  0  0    3.345324241903817e+00  
