# max order O=7 , coefficients in front of the Sn in the Ak, or in fn, fnp, or in m-Term in Ak 
# n in Sn, Snp, fn, or fnp, otherwise 0; k in Ak and m - Terms otherwise 0; summands in the coeffs sorted by order 
# s2_to_i2, s4_to_i2,...sO_to_iO, one double value 
7
 0  0 17 
 1    0  0  0  0  0  0  0    1.000000000000000e+00  
 2    1  0  0  0  0  0  0   -4.000000000000000e-01  
 3    2  0  0  0  0  0  0   -2.571428571428571e-01  
 4    3  0  0  0  0  0  0    4.190476190476190e-02  
 4    1  1  0  0  0  0  0   -1.142857142857143e-01  
 5    4  0  0  0  0  0  0    4.761904761904762e-02  
 5    0  2  0  0  0  0  0   -1.399711399711400e-01  
 5    2  1  0  0  0  0  0   -1.142857142857143e-01  
 6    5  0  0  0  0  0  0   -7.619047619047619e-03  
 6    1  2  0  0  0  0  0   -1.327561327561328e-02  
 6    3  1  0  0  0  0  0    2.285714285714286e-02  
 6    0  1  1  0  0  0  0   -6.993006993006995e-02  
 7    6  0  0  0  0  0  0    8.018140589569163e-03  
 7    0  3  0  0  0  0  0   -1.198801198801199e-02  
 7    0  0  2  0  0  0  0   -9.650349650349652e-02  
 7    2  2  0  0  0  0  0    5.598845598845598e-02  
 7    1  1  1  0  0  0  0   -1.398601398601399e-01  
 0  2 20 
 1    0  0  0  0  0  0  0   -1.000000000000000e+00  
 2    1  0  0  0  0  0  0    1.428571428571429e+00  
 3    2  0  0  0  0  0  0    2.571428571428571e-01  
 3    0  1  0  0  0  0  0   -5.714285714285714e-01  
 4    3  0  0  0  0  0  0   -2.476190476190476e-01  
 4    1  1  0  0  0  0  0    2.597402597402598e-01  
 5    4  0  0  0  0  0  0   -6.721088435374151e-02  
 5    0  2  0  0  0  0  0    1.679431679431679e-01  
 5    2  1  0  0  0  0  0    2.285714285714286e-01  
 5    1  0  1  0  0  0  0   -1.798201798201798e-01  
 6    5  0  0  0  0  0  0    7.619047619047619e-03  
 6    1  2  0  0  0  0  0   -1.010101010101010e-01  
 6    3  1  0  0  0  0  0   -7.074829931972790e-02  
 6    0  1  1  0  0  0  0    1.698301698301698e-01  
 7    6  0  0  0  0  0  0   -1.585487528344671e-02  
 7    0  3  0  0  0  0  0    7.548007548007549e-02  
 7    0  0  2  0  0  0  0    1.172357054709996e-01  
 7    2  2  0  0  0  0  0   -5.301999587713875e-02  
 7    1  1  1  0  0  0  0    1.398601398601399e-01  
 7    0  1  0  1  0  0  0   -1.151789387083505e-01  
 0  4 21 
 2    1  0  0  0  0  0  0   -1.028571428571428e+00  
 3    2  0  0  0  0  0  0    2.337662337662338e-01  
 3    0  1  0  0  0  0  0    1.480519480519481e+00  
 4    3  0  0  0  0  0  0    2.057142857142857e-01  
 4    1  1  0  0  0  0  0   -1.954045954045954e-01  
 4    0  0  1  0  0  0  0   -6.293706293706295e-01  
 5    4  0  0  0  0  0  0    1.959183673469388e-02  
 5    0  2  0  0  0  0  0   -1.798201798201798e-02  
 5    2  1  0  0  0  0  0   -2.961038961038961e-01  
 5    1  0  1  0  0  0  0    3.056943056943057e-01  
 6    1  2  0  0  0  0  0    1.142857142857143e-01  
 6    3  1  0  0  0  0  0    3.057513914656772e-02  
 6    2  0  1  0  0  0  0    1.258741258741259e-01  
 6    0  1  1  0  0  0  0   -6.699183169771404e-02  
 6    1  0  0  1  0  0  0   -2.073220896750309e-01  
 7    6  0  0  0  0  0  0    7.836734693877551e-03  
 7    0  3  0  0  0  0  0   -1.645021645021645e-01  
 7    0  0  2  0  0  0  0   -9.041113685076530e-03  
 7    2  2  0  0  0  0  0   -5.491651205936921e-02  
 7    3  0  1  0  0  0  0    1.198801198801199e-02  
 7    0  1  0  1  0  0  0    2.091407044967418e-01  
 0  6 19 
 3    2  0  0  0  0  0  0   -2.337662337662338e-01  
 3    0  1  0  0  0  0  0   -9.090909090909094e-01  
 4    0  0  1  0  0  0  0    1.490909090909091e+00  
 4    1  1  0  0  0  0  0    4.415584415584415e-01  
 5    0  2  0  0  0  0  0   -4.838298955946016e-02  
 5    2  1  0  0  0  0  0    1.818181818181818e-01  
 5    1  0  1  0  0  0  0   -1.903743315508021e-01  
 5    0  0  0  1  0  0  0   -6.588235294117648e-01  
 6    3  1  0  0  0  0  0    1.731601731601732e-02  
 6    2  0  1  0  0  0  0   -2.981818181818182e-01  
 6    1  0  0  1  0  0  0    3.246833661694344e-01  
 6    0  1  1  0  0  0  0   -2.611877286799887e-02  
 7    0  3  0  0  0  0  0    1.010101010101010e-01  
 7    0  0  2  0  0  0  0   -5.629045876723894e-03  
 7    2  2  0  0  0  0  0    5.194805194805195e-02  
 7    3  0  1  0  0  0  0   -2.839826839826839e-02  
 7    2  0  0  1  0  0  0    1.317647058823530e-01  
 7    0  1  0  1  0  0  0   -6.777371235575570e-02  
 7    1  0  0  0  1  0  0   -2.229102167182663e-01  
 0  8 14 
 4    0  0  1  0  0  0  0   -8.615384615384619e-01  
 4    1  1  0  0  0  0  0   -3.916083916083916e-01  
 5    0  2  0  0  0  0  0    1.975217764691449e-01  
 5    0  0  0  1  0  0  0    1.494736842105263e+00  
 5    1  0  1  0  0  0  0    4.245859403754143e-01  
 6    2  0  1  0  0  0  0    1.723076923076924e-01  
 6    1  0  0  1  0  0  0   -1.890109890109890e-01  
 6    0  1  1  0  0  0  0   -8.862716231137288e-02  
 6    0  0  0  0  1  0  0   -6.766917293233082e-01  
 7    0  0  2  0  0  0  0   -7.841129122593654e-03  
 7    3  0  1  0  0  0  0    1.641025641025641e-02  
 7    2  0  0  1  0  0  0   -2.989473684210526e-01  
 7    1  0  0  0  1  0  0    3.354037267080747e-01  
 7    0  1  0  1  0  0  0   -2.459051246236601e-02  
 0 10 11 
 5    0  2  0  0  0  0  0   -1.591287968996948e-01  
 5    0  0  0  1  0  0  0   -8.359133126934986e-01  
 5    1  0  1  0  0  0  0   -3.600857346987379e-01  
 6    0  0  0  0  1  0  0    1.496567505720824e+00  
 6    1  0  0  1  0  0  0    4.143222506393863e-01  
 6    0  1  1  0  0  0  0    3.688625279687335e-01  
 7    0  0  2  0  0  0  0   -3.955250026592064e-02  
 7    2  0  0  1  0  0  0    1.671826625386997e-01  
 7    1  0  0  0  1  0  0   -1.884398976982097e-01  
 7    0  1  0  1  0  0  0   -8.536193917806519e-02  
 7    0  0  0  0  0  1  0   -6.886956521739130e-01  
 0 12  7 
 6    0  0  0  0  1  0  0   -8.198757763975153e-01  
 6    1  0  0  1  0  0  0   -3.426725381228006e-01  
 6    0  1  1  0  0  0  0   -2.870248609917475e-01  
 7    0  0  2  0  0  0  0    1.690257514729180e-01  
 7    0  0  0  0  0  1  0    1.497584541062802e+00  
 7    1  0  0  0  1  0  0    4.075405906069521e-01  
 7    0  1  0  1  0  0  0    3.532488510278253e-01  
 0 14  4 
 7    0  0  2  0  0  0  0   -1.276941714901063e-01  
 7    0  0  0  0  0  1  0   -8.088888888888889e-01  
 7    1  0  0  0  1  0  0   -3.315942028985507e-01  
 7    0  1  0  1  0  0  0   -2.694844528200296e-01  
